
0 7 0.1
0 15 0.1
0 27 0.1
0 34 0.1
0 36 0.1
0 53 0.1
0 64 0.1
0 66 0.1
0 72 0.1
0 74 0.1
0 78 0.1
0 81 0.1
0 84 0.1
0 108 0.1
0 113 0.1
0 124 0.1
0 125 0.1
0 133 0.1
0 136 0.1
0 139 0.1
0 140 0.1
0 148 0.1
0 152 0.1
0 155 0.1
0 156 0.1
0 168 0.1
0 170 0.1
0 175 0.1
0 185 0.1
0 187 0.1
0 194 0.1
0 196 0.1
0 207 0.1
0 218 0.1
0 225 0.1
0 228 0.1
0 234 0.1
0 241 0.1
0 249 0.1
0 254 0.1
0 258 0.1
0 270 0.1
0 271 0.1
0 281 0.1
0 282 0.1
0 284 0.1
0 293 0.1
0 298 0.1
0 302 0.1
0 305 0.1
0 307 0.1
0 308 0.1
0 320 0.1
0 323 0.1
0 329 0.1
0 332 0.1
0 334 0.1
0 338 0.1
0 346 0.1
0 349 0.1
0 353 0.1
0 369 0.1
0 375 0.1
0 382 0.1
0 386 0.1
0 394 0.1
0 398 0.1
0 404 0.1
0 406 0.1
0 408 0.1
0 409 0.1
0 412 0.1
0 419 0.1
0 422 0.1
0 423 0.1
0 426 0.1
0 434 0.1
0 436 0.1
0 437 0.1
0 444 0.1
0 446 0.1
0 448 0.1
0 456 0.1
0 459 0.1
0 461 0.1
0 462 0.1
0 464 0.1
0 466 0.1
0 471 0.1
0 489 0.1
0 494 0.1
0 497 0.1
0 498 0.1
0 505 0.1
0 510 0.1
0 513 0.1
0 515 0.1
0 525 0.1
1 34 0.1
1 41 0.1
1 44 0.1
1 51 0.1
1 59 0.1
1 76 0.1
1 92 0.1
1 110 0.1
1 176 0.1
1 193 0.1
1 204 0.1
1 216 0.1
1 220 0.1
1 236 0.1
1 275 0.1
1 283 0.1
1 307 0.1
1 308 0.1
1 315 0.1
1 319 0.1
1 327 0.1
1 341 0.1
1 342 0.1
1 346 0.1
1 353 0.1
1 354 0.1
1 372 0.1
1 406 0.1
1 419 0.1
1 434 0.1
1 458 0.1
1 464 0.1
1 474 0.1
1 498 0.1
1 511 0.1
1 512 0.1
2 8 0.1
2 29 0.1
2 34 0.1
2 45 0.1
2 59 0.1
2 75 0.1
2 82 0.1
2 118 0.1
2 119 0.1
2 156 0.1
2 158 0.1
2 172 0.1
2 176 0.1
2 178 0.1
2 193 0.1
2 194 0.1
2 202 0.1
2 214 0.1
2 217 0.1
2 220 0.1
2 225 0.1
2 258 0.1
2 275 0.1
2 296 0.1
2 298 0.1
2 306 0.1
2 346 0.1
2 360 0.1
2 369 0.1
2 376 0.1
2 383 0.1
2 384 0.1
2 387 0.1
2 392 0.1
2 396 0.1
2 406 0.1
2 425 0.1
2 440 0.1
2 441 0.1
2 442 0.1
2 444 0.1
2 450 0.1
2 454 0.1
2 457 0.1
2 492 0.1
2 496 0.1
2 498 0.1
2 505 0.1
2 510 0.1
3 17 0.1
3 29 0.1
3 62 0.1
3 77 0.1
3 116 0.1
3 127 0.1
3 135 0.1
3 158 0.1
3 235 0.1
3 261 0.1
3 268 0.1
3 358 0.1
3 360 0.1
3 378 0.1
3 409 0.1
3 433 0.1
3 443 0.1
3 460 0.1
3 464 0.1
4 25 0.1
4 43 0.1
4 57 0.1
4 68 0.1
4 85 0.1
4 112 0.1
4 180 0.1
4 228 0.1
4 231 0.1
4 233 0.1
4 265 0.1
4 277 0.1
4 295 0.1
4 297 0.1
4 298 0.1
4 308 0.1
4 327 0.1
4 328 0.1
4 351 0.1
4 361 0.1
4 390 0.1
4 408 0.1
4 411 0.1
4 419 0.1
4 427 0.1
4 429 0.1
4 437 0.1
4 453 0.1
4 468 0.1
4 482 0.1
4 488 0.1
5 38 0.1
5 105 0.1
5 181 0.1
5 255 0.1
5 264 0.1
6 12 0.1
6 24 0.1
6 27 0.1
6 36 0.1
6 72 0.1
6 75 0.1
6 86 0.1
6 87 0.1
6 104 0.1
6 139 0.1
6 142 0.1
6 148 0.1
6 168 0.1
6 209 0.1
6 254 0.1
6 256 0.1
6 280 0.1
6 301 0.1
6 329 0.1
6 332 0.1
6 334 0.1
6 389 0.1
6 391 0.1
6 394 0.1
6 395 0.1
6 406 0.1
6 412 0.1
6 424 0.1
6 435 0.1
6 436 0.1
6 446 0.1
6 461 0.1
6 462 0.1
6 492 0.1
6 497 0.1
6 510 0.1
7 53 0.1
7 64 0.1
7 66 0.1
7 68 0.1
7 72 0.1
7 75 0.1
7 84 0.1
7 86 0.1
7 108 0.1
7 113 0.1
7 124 0.1
7 125 0.1
7 133 0.1
7 136 0.1
7 170 0.1
7 185 0.1
7 196 0.1
7 213 0.1
7 214 0.1
7 218 0.1
7 225 0.1
7 234 0.1
7 236 0.1
7 249 0.1
7 258 0.1
7 267 0.1
7 270 0.1
7 271 0.1
7 280 0.1
7 281 0.1
7 282 0.1
7 284 0.1
7 293 0.1
7 298 0.1
7 301 0.1
7 302 0.1
7 305 0.1
7 307 0.1
7 320 0.1
7 329 0.1
7 334 0.1
7 342 0.1
7 349 0.1
7 351 0.1
7 353 0.1
7 375 0.1
7 382 0.1
7 386 0.1
7 398 0.1
7 400 0.1
7 409 0.1
7 412 0.1
7 417 0.1
7 419 0.1
7 422 0.1
7 423 0.1
7 434 0.1
7 444 0.1
7 456 0.1
7 459 0.1
7 461 0.1
7 462 0.1
7 489 0.1
7 494 0.1
7 498 0.1
7 513 0.1
7 515 0.1
7 525 0.1
8 14 0.1
8 25 0.1
8 45 0.1
8 75 0.1
8 113 0.1
8 118 0.1
8 138 0.1
8 155 0.1
8 156 0.1
8 163 0.1
8 178 0.1
8 202 0.1
8 261 0.1
8 275 0.1
8 293 0.1
8 296 0.1
8 305 0.1
8 308 0.1
8 322 0.1
8 336 0.1
8 339 0.1
8 344 0.1
8 346 0.1
8 365 0.1
8 387 0.1
8 390 0.1
8 392 0.1
8 397 0.1
8 441 0.1
8 444 0.1
8 450 0.1
8 453 0.1
8 477 0.1
8 496 0.1
8 503 0.1
8 510 0.1
9 16 0.1
9 63 0.1
9 160 0.1
9 186 0.1
9 202 0.1
9 217 0.1
9 272 0.1
9 334 0.1
9 426 0.1
9 483 0.1
9 516 0.1
10 61 0.1
10 239 0.1
10 316 0.1
10 367 0.1
10 396 0.1
11 19 0.1
11 41 0.1
11 51 0.1
11 70 0.1
11 151 0.1
11 203 0.1
11 215 0.1
11 216 0.1
11 247 0.1
11 269 0.1
11 319 0.1
11 372 0.1
11 421 0.1
11 447 0.1
11 474 0.1
12 24 0.1
12 27 0.1
12 51 0.1
12 70 0.1
12 87 0.1
12 104 0.1
12 139 0.1
12 148 0.1
12 168 0.1
12 189 0.1
12 209 0.1
12 236 0.1
12 241 0.1
12 254 0.1
12 256 0.1
12 307 0.1
12 323 0.1
12 329 0.1
12 332 0.1
12 391 0.1
12 395 0.1
12 436 0.1
12 446 0.1
12 461 0.1
12 497 0.1
12 525 0.1
13 41 0.1
13 134 0.1
13 179 0.1
13 209 0.1
13 242 0.1
13 257 0.1
13 296 0.1
13 396 0.1
13 411 0.1
13 457 0.1
13 504 0.1
14 25 0.1
14 138 0.1
14 163 0.1
14 175 0.1
14 204 0.1
14 224 0.1
14 253 0.1
14 275 0.1
14 278 0.1
14 281 0.1
14 296 0.1
14 339 0.1
14 344 0.1
14 346 0.1
14 363 0.1
14 365 0.1
14 390 0.1
14 392 0.1
14 397 0.1
14 450 0.1
14 496 0.1
14 503 0.1
15 34 0.1
15 53 0.1
15 56 0.1
15 74 0.1
15 78 0.1
15 121 0.1
15 156 0.1
15 211 0.1
15 228 0.1
15 232 0.1
15 263 0.1
15 343 0.1
15 356 0.1
15 359 0.1
15 436 0.1
15 437 0.1
15 457 0.1
15 471 0.1
15 498 0.1
16 20 0.1
16 42 0.1
16 63 0.1
16 154 0.1
16 260 0.1
16 302 0.1
16 352 0.1
16 426 0.1
16 442 0.1
17 40 0.1
17 45 0.1
17 49 0.1
17 62 0.1
17 77 0.1
17 79 0.1
17 91 0.1
17 114 0.1
17 119 0.1
17 127 0.1
17 138 0.1
17 142 0.1
17 143 0.1
17 158 0.1
17 199 0.1
17 215 0.1
17 217 0.1
17 268 0.1
17 269 0.1
17 344 0.1
17 378 0.1
17 407 0.1
17 454 0.1
17 460 0.1
17 464 0.1
17 473 0.1
17 490 0.1
17 496 0.1
18 83 0.1
18 226 0.1
19 176 0.1
19 315 0.1
19 372 0.1
20 63 0.1
20 90 0.1
20 103 0.1
20 154 0.1
20 174 0.1
20 202 0.1
20 248 0.1
20 310 0.1
20 410 0.1
20 426 0.1
20 431 0.1
20 435 0.1
20 472 0.1
20 498 0.1
21 22 0.1
21 49 0.1
21 57 0.1
21 77 0.1
21 102 0.1
21 137 0.1
21 165 0.1
21 203 0.1
21 275 0.1
21 298 0.1
21 335 0.1
21 379 0.1
21 381 0.1
21 383 0.1
21 406 0.1
21 407 0.1
21 421 0.1
21 471 0.1
22 102 0.1
22 137 0.1
22 165 0.1
22 181 0.1
22 197 0.1
22 203 0.1
22 335 0.1
22 379 0.1
22 381 0.1
22 407 0.1
22 417 0.1
22 420 0.1
22 421 0.1
22 481 0.1
23 28 0.1
23 77 0.1
23 82 0.1
23 95 0.1
23 96 0.1
23 100 0.1
23 123 0.1
23 179 0.1
23 246 0.1
23 383 0.1
23 387 0.1
23 442 0.1
23 481 0.1
23 523 0.1
24 27 0.1
24 36 0.1
24 87 0.1
24 104 0.1
24 139 0.1
24 148 0.1
24 168 0.1
24 189 0.1
24 209 0.1
24 254 0.1
24 256 0.1
24 329 0.1
24 332 0.1
24 391 0.1
24 394 0.1
24 395 0.1
24 412 0.1
24 416 0.1
24 424 0.1
24 436 0.1
24 446 0.1
24 461 0.1
24 497 0.1
25 52 0.1
25 56 0.1
25 130 0.1
25 138 0.1
25 177 0.1
25 220 0.1
25 224 0.1
25 275 0.1
25 296 0.1
25 339 0.1
25 346 0.1
25 358 0.1
25 365 0.1
25 374 0.1
25 407 0.1
25 439 0.1
25 444 0.1
25 450 0.1
25 453 0.1
25 496 0.1
26 36 0.1
26 72 0.1
26 75 0.1
26 169 0.1
26 179 0.1
26 182 0.1
26 216 0.1
26 243 0.1
26 294 0.1
26 301 0.1
26 332 0.1
26 436 0.1
26 445 0.1
27 36 0.1
27 86 0.1
27 87 0.1
27 104 0.1
27 108 0.1
27 120 0.1
27 136 0.1
27 139 0.1
27 148 0.1
27 168 0.1
27 198 0.1
27 209 0.1
27 236 0.1
27 254 0.1
27 256 0.1
27 281 0.1
27 301 0.1
27 323 0.1
27 329 0.1
27 332 0.1
27 391 0.1
27 395 0.1
27 424 0.1
27 436 0.1
27 446 0.1
27 461 0.1
27 497 0.1
27 498 0.1
27 525 0.1
28 49 0.1
28 68 0.1
28 74 0.1
28 85 0.1
28 96 0.1
28 212 0.1
28 297 0.1
28 328 0.1
28 358 0.1
28 429 0.1
29 32 0.1
29 40 0.1
29 41 0.1
29 56 0.1
29 60 0.1
29 73 0.1
29 106 0.1
29 109 0.1
29 142 0.1
29 158 0.1
29 160 0.1
29 172 0.1
29 176 0.1
29 194 0.1
29 208 0.1
29 216 0.1
29 243 0.1
29 255 0.1
29 283 0.1
29 315 0.1
29 327 0.1
29 346 0.1
29 354 0.1
29 372 0.1
29 415 0.1
29 422 0.1
29 474 0.1
29 511 0.1
30 34 0.1
30 53 0.1
30 56 0.1
30 72 0.1
30 74 0.1
30 78 0.1
30 86 0.1
30 113 0.1
30 124 0.1
30 125 0.1
30 130 0.1
30 175 0.1
30 194 0.1
30 196 0.1
30 225 0.1
30 228 0.1
30 249 0.1
30 270 0.1
30 284 0.1
30 293 0.1
30 305 0.1
30 338 0.1
30 346 0.1
30 349 0.1
30 369 0.1
30 376 0.1
30 386 0.1
30 409 0.1
30 412 0.1
30 417 0.1
30 419 0.1
30 422 0.1
30 425 0.1
30 437 0.1
30 448 0.1
30 457 0.1
30 459 0.1
30 461 0.1
30 462 0.1
30 468 0.1
30 510 0.1
30 512 0.1
30 525 0.1
31 44 0.1
31 176 0.1
31 195 0.1
31 207 0.1
31 228 0.1
31 255 0.1
31 258 0.1
31 260 0.1
31 272 0.1
31 274 0.1
31 284 0.1
31 308 0.1
31 326 0.1
31 354 0.1
31 368 0.1
31 369 0.1
31 376 0.1
31 377 0.1
31 386 0.1
31 415 0.1
31 419 0.1
31 437 0.1
31 456 0.1
31 479 0.1
31 494 0.1
31 505 0.1
31 509 0.1
31 511 0.1
31 516 0.1
32 190 0.1
33 40 0.1
33 55 0.1
33 79 0.1
33 111 0.1
33 112 0.1
33 119 0.1
33 130 0.1
33 133 0.1
33 134 0.1
33 135 0.1
33 142 0.1
33 152 0.1
33 167 0.1
33 220 0.1
33 235 0.1
33 261 0.1
33 302 0.1
33 322 0.1
33 336 0.1
33 355 0.1
33 360 0.1
33 390 0.1
33 392 0.1
33 397 0.1
33 408 0.1
33 419 0.1
33 432 0.1
33 444 0.1
33 459 0.1
33 473 0.1
33 495 0.1
34 36 0.1
34 37 0.1
34 45 0.1
34 53 0.1
34 56 0.1
34 59 0.1
34 74 0.1
34 76 0.1
34 78 0.1
34 84 0.1
34 86 0.1
34 87 0.1
34 108 0.1
34 110 0.1
34 119 0.1
34 120 0.1
34 121 0.1
34 125 0.1
34 130 0.1
34 133 0.1
34 135 0.1
34 152 0.1
34 155 0.1
34 156 0.1
34 167 0.1
34 170 0.1
34 176 0.1
34 187 0.1
34 193 0.1
34 194 0.1
34 195 0.1
34 197 0.1
34 204 0.1
34 207 0.1
34 211 0.1
34 212 0.1
34 214 0.1
34 220 0.1
34 224 0.1
34 228 0.1
34 230 0.1
34 232 0.1
34 236 0.1
34 240 0.1
34 241 0.1
34 249 0.1
34 255 0.1
34 258 0.1
34 263 0.1
34 267 0.1
34 270 0.1
34 274 0.1
34 275 0.1
34 276 0.1
34 277 0.1
34 298 0.1
34 305 0.1
34 308 0.1
34 338 0.1
34 341 0.1
34 346 0.1
34 353 0.1
34 356 0.1
34 359 0.1
34 376 0.1
34 393 0.1
34 396 0.1
34 400 0.1
34 406 0.1
34 408 0.1
34 412 0.1
34 416 0.1
34 417 0.1
34 419 0.1
34 425 0.1
34 433 0.1
34 436 0.1
34 437 0.1
34 457 0.1
34 459 0.1
34 461 0.1
34 463 0.1
34 464 0.1
34 471 0.1
34 491 0.1
34 498 0.1
34 502 0.1
34 505 0.1
34 525 0.1
35 60 0.1
35 112 0.1
35 118 0.1
35 144 0.1
35 152 0.1
35 163 0.1
35 178 0.1
35 223 0.1
35 231 0.1
35 254 0.1
35 257 0.1
35 261 0.1
35 275 0.1
35 281 0.1
35 296 0.1
35 318 0.1
35 324 0.1
35 336 0.1
35 344 0.1
35 346 0.1
35 374 0.1
35 387 0.1
35 389 0.1
35 390 0.1
35 396 0.1
35 397 0.1
35 422 0.1
35 444 0.1
35 445 0.1
35 448 0.1
35 461 0.1
35 477 0.1
35 491 0.1
35 497 0.1
35 501 0.1
35 514 0.1
36 37 0.1
36 53 0.1
36 59 0.1
36 72 0.1
36 78 0.1
36 84 0.1
36 86 0.1
36 87 0.1
36 104 0.1
36 108 0.1
36 113 0.1
36 115 0.1
36 125 0.1
36 133 0.1
36 136 0.1
36 139 0.1
36 142 0.1
36 148 0.1
36 167 0.1
36 168 0.1
36 170 0.1
36 187 0.1
36 189 0.1
36 196 0.1
36 197 0.1
36 205 0.1
36 214 0.1
36 225 0.1
36 229 0.1
36 236 0.1
36 241 0.1
36 254 0.1
36 256 0.1
36 258 0.1
36 269 0.1
36 270 0.1
36 271 0.1
36 274 0.1
36 278 0.1
36 280 0.1
36 281 0.1
36 282 0.1
36 284 0.1
36 293 0.1
36 301 0.1
36 305 0.1
36 320 0.1
36 321 0.1
36 323 0.1
36 329 0.1
36 332 0.1
36 334 0.1
36 349 0.1
36 351 0.1
36 353 0.1
36 370 0.1
36 375 0.1
36 376 0.1
36 386 0.1
36 391 0.1
36 394 0.1
36 395 0.1
36 400 0.1
36 406 0.1
36 409 0.1
36 412 0.1
36 413 0.1
36 416 0.1
36 417 0.1
36 419 0.1
36 423 0.1
36 424 0.1
36 436 0.1
36 444 0.1
36 446 0.1
36 456 0.1
36 457 0.1
36 459 0.1
36 461 0.1
36 462 0.1
36 464 0.1
36 466 0.1
36 475 0.1
36 485 0.1
36 486 0.1
36 489 0.1
36 492 0.1
36 494 0.1
36 497 0.1
36 498 0.1
36 505 0.1
36 518 0.1
36 525 0.1
37 59 0.1
37 76 0.1
37 84 0.1
37 130 0.1
37 135 0.1
37 163 0.1
37 167 0.1
37 168 0.1
37 187 0.1
37 193 0.1
37 194 0.1
37 204 0.1
37 208 0.1
37 214 0.1
37 228 0.1
37 236 0.1
37 241 0.1
37 249 0.1
37 254 0.1
37 258 0.1
37 261 0.1
37 263 0.1
37 274 0.1
37 298 0.1
37 308 0.1
37 313 0.1
37 332 0.1
37 341 0.1
37 346 0.1
37 349 0.1
37 361 0.1
37 369 0.1
37 375 0.1
37 376 0.1
37 396 0.1
37 419 0.1
37 436 0.1
37 437 0.1
37 454 0.1
37 456 0.1
37 457 0.1
37 464 0.1
37 466 0.1
37 492 0.1
37 498 0.1
37 505 0.1
38 105 0.1
38 181 0.1
38 255 0.1
38 264 0.1
39 133 0.1
39 398 0.1
40 79 0.1
40 114 0.1
40 152 0.1
40 208 0.1
40 220 0.1
40 361 0.1
40 419 0.1
40 490 0.1
41 44 0.1
41 45 0.1
41 51 0.1
41 52 0.1
41 60 0.1
41 70 0.1
41 73 0.1
41 109 0.1
41 110 0.1
41 120 0.1
41 134 0.1
41 146 0.1
41 158 0.1
41 165 0.1
41 173 0.1
41 176 0.1
41 179 0.1
41 203 0.1
41 204 0.1
41 209 0.1
41 215 0.1
41 216 0.1
41 236 0.1
41 242 0.1
41 243 0.1
41 247 0.1
41 248 0.1
41 255 0.1
41 257 0.1
41 260 0.1
41 269 0.1
41 283 0.1
41 294 0.1
41 308 0.1
41 315 0.1
41 319 0.1
41 326 0.1
41 327 0.1
41 335 0.1
41 341 0.1
41 350 0.1
41 354 0.1
41 357 0.1
41 366 0.1
41 368 0.1
41 372 0.1
41 387 0.1
41 396 0.1
41 399 0.1
41 405 0.1
41 415 0.1
41 421 0.1
41 430 0.1
41 446 0.1
41 447 0.1
41 458 0.1
41 467 0.1
41 470 0.1
41 474 0.1
41 478 0.1
41 487 0.1
41 504 0.1
41 511 0.1
41 512 0.1
42 100 0.1
42 154 0.1
42 160 0.1
42 426 0.1
43 74 0.1
43 85 0.1
43 115 0.1
43 219 0.1
43 233 0.1
43 269 0.1
43 297 0.1
43 298 0.1
43 328 0.1
43 352 0.1
43 482 0.1
44 45 0.1
44 109 0.1
44 110 0.1
44 176 0.1
44 195 0.1
44 204 0.1
44 207 0.1
44 215 0.1
44 216 0.1
44 255 0.1
44 260 0.1
44 272 0.1
44 308 0.1
44 315 0.1
44 319 0.1
44 322 0.1
44 326 0.1
44 354 0.1
44 372 0.1
44 377 0.1
44 405 0.1
44 411 0.1
44 415 0.1
44 421 0.1
44 435 0.1
44 458 0.1
44 467 0.1
44 470 0.1
44 474 0.1
44 479 0.1
44 487 0.1
44 509 0.1
44 511 0.1
44 516 0.1
45 51 0.1
45 52 0.1
45 60 0.1
45 65 0.1
45 75 0.1
45 76 0.1
45 89 0.1
45 96 0.1
45 98 0.1
45 101 0.1
45 118 0.1
45 119 0.1
45 133 0.1
45 134 0.1
45 138 0.1
45 157 0.1
45 163 0.1
45 169 0.1
45 171 0.1
45 173 0.1
45 176 0.1
45 178 0.1
45 180 0.1
45 199 0.1
45 202 0.1
45 204 0.1
45 213 0.1
45 215 0.1
45 216 0.1
45 223 0.1
45 231 0.1
45 243 0.1
45 255 0.1
45 258 0.1
45 260 0.1
45 261 0.1
45 267 0.1
45 269 0.1
45 277 0.1
45 283 0.1
45 296 0.1
45 297 0.1
45 308 0.1
45 315 0.1
45 318 0.1
45 319 0.1
45 327 0.1
45 336 0.1
45 339 0.1
45 341 0.1
45 344 0.1
45 354 0.1
45 357 0.1
45 358 0.1
45 360 0.1
45 361 0.1
45 365 0.1
45 366 0.1
45 372 0.1
45 379 0.1
45 387 0.1
45 389 0.1
45 390 0.1
45 397 0.1
45 418 0.1
45 421 0.1
45 426 0.1
45 429 0.1
45 432 0.1
45 441 0.1
45 453 0.1
45 454 0.1
45 458 0.1
45 470 0.1
45 473 0.1
45 474 0.1
45 477 0.1
45 491 0.1
45 496 0.1
45 502 0.1
45 511 0.1
45 516 0.1
46 153 0.1
46 162 0.1
46 292 0.1
46 330 0.1
46 331 0.1
46 385 0.1
46 480 0.1
47 87 0.1
47 96 0.1
47 148 0.1
47 167 0.1
47 168 0.1
47 180 0.1
47 209 0.1
47 241 0.1
47 254 0.1
47 256 0.1
47 307 0.1
47 323 0.1
47 329 0.1
47 332 0.1
47 334 0.1
47 391 0.1
47 395 0.1
47 404 0.1
47 424 0.1
47 436 0.1
47 461 0.1
47 497 0.1
47 525 0.1
48 58 0.1
48 61 0.1
48 79 0.1
48 81 0.1
48 94 0.1
48 100 0.1
48 114 0.1
48 115 0.1
48 123 0.1
48 160 0.1
48 205 0.1
48 220 0.1
48 239 0.1
48 255 0.1
48 285 0.1
48 311 0.1
48 317 0.1
48 335 0.1
48 388 0.1
48 416 0.1
48 435 0.1
48 452 0.1
48 455 0.1
48 459 0.1
49 101 0.1
49 119 0.1
49 156 0.1
49 163 0.1
49 176 0.1
49 189 0.1
49 199 0.1
49 253 0.1
49 298 0.1
49 324 0.1
49 379 0.1
49 392 0.1
49 429 0.1
49 491 0.1
49 514 0.1
50 67 0.1
50 114 0.1
50 383 0.1
50 441 0.1
51 70 0.1
51 86 0.1
51 120 0.1
51 136 0.1
51 146 0.1
51 168 0.1
51 196 0.1
51 216 0.1
51 236 0.1
51 308 0.1
51 313 0.1
51 351 0.1
51 372 0.1
51 405 0.1
51 424 0.1
52 109 0.1
52 110 0.1
52 138 0.1
52 176 0.1
52 177 0.1
52 204 0.1
52 216 0.1
52 235 0.1
52 243 0.1
52 247 0.1
52 248 0.1
52 283 0.1
52 298 0.1
52 315 0.1
52 319 0.1
52 341 0.1
52 372 0.1
52 376 0.1
52 405 0.1
52 420 0.1
52 440 0.1
52 458 0.1
52 474 0.1
52 487 0.1
52 509 0.1
52 512 0.1
52 516 0.1
53 56 0.1
53 59 0.1
53 64 0.1
53 66 0.1
53 72 0.1
53 74 0.1
53 75 0.1
53 78 0.1
53 84 0.1
53 86 0.1
53 108 0.1
53 121 0.1
53 124 0.1
53 133 0.1
53 136 0.1
53 139 0.1
53 148 0.1
53 152 0.1
53 155 0.1
53 168 0.1
53 170 0.1
53 185 0.1
53 187 0.1
53 194 0.1
53 196 0.1
53 197 0.1
53 207 0.1
53 211 0.1
53 214 0.1
53 218 0.1
53 220 0.1
53 225 0.1
53 228 0.1
53 230 0.1
53 232 0.1
53 234 0.1
53 236 0.1
53 240 0.1
53 241 0.1
53 249 0.1
53 254 0.1
53 256 0.1
53 258 0.1
53 263 0.1
53 270 0.1
53 271 0.1
53 274 0.1
53 281 0.1
53 282 0.1
53 284 0.1
53 293 0.1
53 298 0.1
53 302 0.1
53 304 0.1
53 305 0.1
53 307 0.1
53 313 0.1
53 320 0.1
53 323 0.1
53 329 0.1
53 332 0.1
53 334 0.1
53 338 0.1
53 343 0.1
53 346 0.1
53 347 0.1
53 349 0.1
53 353 0.1
53 356 0.1
53 359 0.1
53 369 0.1
53 375 0.1
53 376 0.1
53 382 0.1
53 386 0.1
53 391 0.1
53 393 0.1
53 398 0.1
53 400 0.1
53 409 0.1
53 412 0.1
53 417 0.1
53 419 0.1
53 423 0.1
53 424 0.1
53 425 0.1
53 434 0.1
53 435 0.1
53 436 0.1
53 437 0.1
53 444 0.1
53 446 0.1
53 448 0.1
53 456 0.1
53 457 0.1
53 459 0.1
53 461 0.1
53 462 0.1
53 463 0.1
53 466 0.1
53 471 0.1
53 486 0.1
53 494 0.1
53 497 0.1
53 498 0.1
53 505 0.1
53 510 0.1
53 513 0.1
53 515 0.1
54 62 0.1
54 68 0.1
54 106 0.1
54 118 0.1
54 134 0.1
54 310 0.1
54 389 0.1
54 390 0.1
54 473 0.1
54 477 0.1
54 491 0.1
55 79 0.1
55 111 0.1
55 112 0.1
55 133 0.1
55 134 0.1
55 152 0.1
55 235 0.1
55 324 0.1
55 426 0.1
55 432 0.1
55 473 0.1
56 57 0.1
56 59 0.1
56 64 0.1
56 68 0.1
56 74 0.1
56 78 0.1
56 84 0.1
56 100 0.1
56 121 0.1
56 125 0.1
56 136 0.1
56 152 0.1
56 167 0.1
56 175 0.1
56 187 0.1
56 189 0.1
56 194 0.1
56 196 0.1
56 211 0.1
56 228 0.1
56 230 0.1
56 232 0.1
56 234 0.1
56 236 0.1
56 240 0.1
56 241 0.1
56 249 0.1
56 254 0.1
56 258 0.1
56 263 0.1
56 270 0.1
56 274 0.1
56 275 0.1
56 282 0.1
56 287 0.1
56 298 0.1
56 308 0.1
56 313 0.1
56 325 0.1
56 338 0.1
56 343 0.1
56 346 0.1
56 361 0.1
56 369 0.1
56 376 0.1
56 382 0.1
56 386 0.1
56 406 0.1
56 419 0.1
56 425 0.1
56 426 0.1
56 433 0.1
56 436 0.1
56 437 0.1
56 448 0.1
56 454 0.1
56 456 0.1
56 457 0.1
56 461 0.1
56 466 0.1
56 471 0.1
56 486 0.1
56 492 0.1
56 498 0.1
56 505 0.1
56 510 0.1
57 68 0.1
57 116 0.1
57 135 0.1
57 141 0.1
57 152 0.1
57 214 0.1
57 225 0.1
57 228 0.1
57 231 0.1
57 265 0.1
57 280 0.1
57 281 0.1
57 287 0.1
57 298 0.1
57 305 0.1
57 327 0.1
57 346 0.1
57 351 0.1
57 361 0.1
57 369 0.1
57 419 0.1
57 426 0.1
57 437 0.1
57 448 0.1
57 454 0.1
57 464 0.1
57 468 0.1
57 488 0.1
58 75 0.1
58 96 0.1
58 100 0.1
58 181 0.1
59 84 0.1
59 136 0.1
59 152 0.1
59 167 0.1
59 168 0.1
59 183 0.1
59 187 0.1
59 189 0.1
59 194 0.1
59 197 0.1
59 216 0.1
59 228 0.1
59 236 0.1
59 241 0.1
59 249 0.1
59 253 0.1
59 256 0.1
59 258 0.1
59 270 0.1
59 274 0.1
59 282 0.1
59 284 0.1
59 293 0.1
59 298 0.1
59 301 0.1
59 305 0.1
59 308 0.1
59 313 0.1
59 346 0.1
59 376 0.1
59 394 0.1
59 400 0.1
59 412 0.1
59 419 0.1
59 436 0.1
59 437 0.1
59 456 0.1
59 461 0.1
59 466 0.1
59 486 0.1
59 492 0.1
59 498 0.1
59 505 0.1
59 525 0.1
60 74 0.1
60 77 0.1
60 89 0.1
60 97 0.1
60 98 0.1
60 118 0.1
60 127 0.1
60 134 0.1
60 157 0.1
60 163 0.1
60 176 0.1
60 178 0.1
60 182 0.1
60 216 0.1
60 223 0.1
60 257 0.1
60 261 0.1
60 296 0.1
60 308 0.1
60 315 0.1
60 318 0.1
60 336 0.1
60 344 0.1
60 346 0.1
60 365 0.1
60 372 0.1
60 374 0.1
60 387 0.1
60 389 0.1
60 390 0.1
60 392 0.1
60 397 0.1
60 415 0.1
60 429 0.1
60 444 0.1
60 453 0.1
60 473 0.1
60 474 0.1
60 477 0.1
60 491 0.1
60 511 0.1
61 81 0.1
61 97 0.1
61 239 0.1
61 367 0.1
61 396 0.1
61 524 0.1
62 79 0.1
62 116 0.1
62 155 0.1
62 220 0.1
62 298 0.1
62 360 0.1
62 366 0.1
62 383 0.1
62 389 0.1
62 407 0.1
62 409 0.1
62 411 0.1
62 441 0.1
62 443 0.1
62 464 0.1
62 488 0.1
62 491 0.1
63 103 0.1
63 154 0.1
63 160 0.1
63 171 0.1
63 190 0.1
63 202 0.1
63 209 0.1
63 217 0.1
63 349 0.1
63 367 0.1
63 396 0.1
63 410 0.1
63 426 0.1
63 435 0.1
63 452 0.1
63 472 0.1
64 66 0.1
64 74 0.1
64 84 0.1
64 108 0.1
64 124 0.1
64 125 0.1
64 133 0.1
64 170 0.1
64 185 0.1
64 187 0.1
64 207 0.1
64 218 0.1
64 225 0.1
64 234 0.1
64 249 0.1
64 258 0.1
64 266 0.1
64 270 0.1
64 271 0.1
64 282 0.1
64 284 0.1
64 293 0.1
64 302 0.1
64 320 0.1
64 349 0.1
64 353 0.1
64 375 0.1
64 382 0.1
64 386 0.1
64 398 0.1
64 400 0.1
64 409 0.1
64 423 0.1
64 434 0.1
64 444 0.1
64 456 0.1
64 462 0.1
64 494 0.1
64 498 0.1
64 513 0.1
64 515 0.1
64 525 0.1
65 97 0.1
65 134 0.1
65 157 0.1
65 158 0.1
65 176 0.1
65 187 0.1
65 204 0.1
65 214 0.1
65 217 0.1
65 224 0.1
65 251 0.1
65 255 0.1
65 267 0.1
65 283 0.1
65 306 0.1
65 378 0.1
65 396 0.1
65 406 0.1
65 408 0.1
65 416 0.1
65 425 0.1
65 426 0.1
65 433 0.1
65 464 0.1
65 502 0.1
65 508 0.1
66 72 0.1
66 124 0.1
66 125 0.1
66 133 0.1
66 155 0.1
66 170 0.1
66 218 0.1
66 225 0.1
66 234 0.1
66 249 0.1
66 270 0.1
66 271 0.1
66 282 0.1
66 293 0.1
66 302 0.1
66 305 0.1
66 307 0.1
66 320 0.1
66 334 0.1
66 338 0.1
66 349 0.1
66 375 0.1
66 382 0.1
66 386 0.1
66 398 0.1
66 409 0.1
66 412 0.1
66 419 0.1
66 423 0.1
66 444 0.1
66 459 0.1
66 462 0.1
66 510 0.1
66 513 0.1
66 515 0.1
66 525 0.1
67 114 0.1
67 116 0.1
67 129 0.1
67 147 0.1
67 177 0.1
67 360 0.1
67 366 0.1
67 383 0.1
67 441 0.1
67 490 0.1
67 493 0.1
67 519 0.1
68 78 0.1
68 91 0.1
68 111 0.1
68 149 0.1
68 180 0.1
68 199 0.1
68 214 0.1
68 220 0.1
68 253 0.1
68 265 0.1
68 275 0.1
68 342 0.1
68 360 0.1
68 366 0.1
68 378 0.1
68 390 0.1
68 406 0.1
68 422 0.1
68 433 0.1
68 435 0.1
68 442 0.1
68 454 0.1
68 460 0.1
68 468 0.1
68 482 0.1
68 505 0.1
68 510 0.1
69 99 0.1
69 238 0.1
69 252 0.1
69 290 0.1
69 303 0.1
70 120 0.1
70 142 0.1
70 146 0.1
70 173 0.1
70 176 0.1
70 181 0.1
70 198 0.1
70 203 0.1
70 204 0.1
70 215 0.1
70 216 0.1
70 236 0.1
70 243 0.1
70 315 0.1
70 319 0.1
70 335 0.1
70 372 0.1
70 405 0.1
70 421 0.1
70 458 0.1
70 474 0.1
71 132 0.1
71 273 0.1
71 299 0.1
71 362 0.1
71 403 0.1
72 75 0.1
72 86 0.1
72 104 0.1
72 108 0.1
72 113 0.1
72 124 0.1
72 125 0.1
72 133 0.1
72 136 0.1
72 139 0.1
72 142 0.1
72 148 0.1
72 152 0.1
72 155 0.1
72 158 0.1
72 169 0.1
72 170 0.1
72 196 0.1
72 197 0.1
72 213 0.1
72 214 0.1
72 225 0.1
72 229 0.1
72 234 0.1
72 236 0.1
72 241 0.1
72 254 0.1
72 258 0.1
72 269 0.1
72 270 0.1
72 271 0.1
72 276 0.1
72 278 0.1
72 279 0.1
72 280 0.1
72 281 0.1
72 282 0.1
72 283 0.1
72 284 0.1
72 293 0.1
72 301 0.1
72 302 0.1
72 304 0.1
72 305 0.1
72 320 0.1
72 323 0.1
72 329 0.1
72 332 0.1
72 334 0.1
72 347 0.1
72 349 0.1
72 351 0.1
72 370 0.1
72 375 0.1
72 382 0.1
72 386 0.1
72 394 0.1
72 398 0.1
72 400 0.1
72 404 0.1
72 406 0.1
72 409 0.1
72 412 0.1
72 416 0.1
72 423 0.1
72 424 0.1
72 428 0.1
72 436 0.1
72 441 0.1
72 444 0.1
72 446 0.1
72 448 0.1
72 457 0.1
72 459 0.1
72 461 0.1
72 462 0.1
72 474 0.1
72 485 0.1
72 486 0.1
72 489 0.1
72 497 0.1
72 498 0.1
72 513 0.1
72 515 0.1
72 518 0.1
72 525 0.1
73 109 0.1
73 176 0.1
73 216 0.1
73 247 0.1
73 248 0.1
73 255 0.1
73 260 0.1
73 315 0.1
73 327 0.1
73 354 0.1
73 372 0.1
73 415 0.1
73 467 0.1
73 474 0.1
73 511 0.1
73 516 0.1
74 78 0.1
74 84 0.1
74 85 0.1
74 121 0.1
74 133 0.1
74 138 0.1
74 160 0.1
74 170 0.1
74 175 0.1
74 190 0.1
74 211 0.1
74 230 0.1
74 233 0.1
74 234 0.1
74 263 0.1
74 270 0.1
74 271 0.1
74 276 0.1
74 282 0.1
74 296 0.1
74 297 0.1
74 302 0.1
74 307 0.1
74 323 0.1
74 328 0.1
74 338 0.1
74 346 0.1
74 349 0.1
74 356 0.1
74 358 0.1
74 359 0.1
74 365 0.1
74 372 0.1
74 376 0.1
74 382 0.1
74 390 0.1
74 398 0.1
74 411 0.1
74 423 0.1
74 425 0.1
74 429 0.1
74 448 0.1
74 462 0.1
74 463 0.1
74 471 0.1
74 482 0.1
74 496 0.1
74 515 0.1
75 79 0.1
75 86 0.1
75 114 0.1
75 124 0.1
75 125 0.1
75 133 0.1
75 136 0.1
75 148 0.1
75 152 0.1
75 170 0.1
75 180 0.1
75 196 0.1
75 205 0.1
75 220 0.1
75 225 0.1
75 234 0.1
75 241 0.1
75 254 0.1
75 258 0.1
75 269 0.1
75 270 0.1
75 280 0.1
75 282 0.1
75 284 0.1
75 296 0.1
75 304 0.1
75 305 0.1
75 306 0.1
75 311 0.1
75 320 0.1
75 329 0.1
75 332 0.1
75 349 0.1
75 351 0.1
75 360 0.1
75 366 0.1
75 386 0.1
75 394 0.1
75 400 0.1
75 409 0.1
75 412 0.1
75 417 0.1
75 419 0.1
75 423 0.1
75 440 0.1
75 441 0.1
75 448 0.1
75 459 0.1
75 461 0.1
75 462 0.1
75 474 0.1
75 489 0.1
75 498 0.1
75 515 0.1
75 520 0.1
75 525 0.1
76 79 0.1
76 101 0.1
76 163 0.1
76 178 0.1
76 189 0.1
76 193 0.1
76 214 0.1
76 220 0.1
76 221 0.1
76 241 0.1
76 254 0.1
76 261 0.1
76 307 0.1
76 323 0.1
76 332 0.1
76 334 0.1
76 342 0.1
76 346 0.1
76 389 0.1
76 406 0.1
76 419 0.1
76 453 0.1
76 464 0.1
76 477 0.1
76 490 0.1
76 491 0.1
76 496 0.1
76 518 0.1
77 97 0.1
77 123 0.1
77 127 0.1
77 190 0.1
77 224 0.1
77 251 0.1
77 268 0.1
77 281 0.1
77 296 0.1
77 305 0.1
77 329 0.1
77 358 0.1
77 360 0.1
77 365 0.1
77 392 0.1
77 407 0.1
77 443 0.1
77 454 0.1
77 460 0.1
77 473 0.1
77 498 0.1
77 508 0.1
78 121 0.1
78 124 0.1
78 133 0.1
78 155 0.1
78 211 0.1
78 230 0.1
78 232 0.1
78 240 0.1
78 246 0.1
78 251 0.1
78 257 0.1
78 263 0.1
78 270 0.1
78 276 0.1
78 297 0.1
78 302 0.1
78 307 0.1
78 338 0.1
78 356 0.1
78 359 0.1
78 372 0.1
78 376 0.1
78 384 0.1
78 404 0.1
78 412 0.1
78 425 0.1
78 426 0.1
78 428 0.1
78 448 0.1
78 453 0.1
78 457 0.1
78 463 0.1
78 471 0.1
78 523 0.1
79 84 0.1
79 106 0.1
79 114 0.1
79 124 0.1
79 133 0.1
79 146 0.1
79 152 0.1
79 155 0.1
79 163 0.1
79 170 0.1
79 220 0.1
79 224 0.1
79 228 0.1
79 234 0.1
79 249 0.1
79 251 0.1
79 258 0.1
79 261 0.1
79 267 0.1
79 270 0.1
79 282 0.1
79 305 0.1
79 358 0.1
79 360 0.1
79 387 0.1
79 390 0.1
79 419 0.1
79 426 0.1
79 432 0.1
79 436 0.1
79 437 0.1
79 441 0.1
79 454 0.1
79 459 0.1
79 477 0.1
79 487 0.1
79 488 0.1
79 496 0.1
79 502 0.1
80 403 0.1
81 91 0.1
81 97 0.1
81 123 0.1
81 350 0.1
81 426 0.1
82 96 0.1
82 100 0.1
82 119 0.1
82 140 0.1
82 175 0.1
82 188 0.1
82 262 0.1
82 282 0.1
82 296 0.1
83 226 0.1
84 85 0.1
84 108 0.1
84 113 0.1
84 124 0.1
84 125 0.1
84 133 0.1
84 139 0.1
84 152 0.1
84 167 0.1
84 168 0.1
84 170 0.1
84 175 0.1
84 185 0.1
84 187 0.1
84 194 0.1
84 196 0.1
84 197 0.1
84 207 0.1
84 218 0.1
84 220 0.1
84 225 0.1
84 228 0.1
84 230 0.1
84 232 0.1
84 234 0.1
84 236 0.1
84 241 0.1
84 249 0.1
84 251 0.1
84 258 0.1
84 263 0.1
84 267 0.1
84 270 0.1
84 272 0.1
84 274 0.1
84 281 0.1
84 282 0.1
84 284 0.1
84 293 0.1
84 296 0.1
84 298 0.1
84 302 0.1
84 305 0.1
84 307 0.1
84 308 0.1
84 313 0.1
84 320 0.1
84 341 0.1
84 346 0.1
84 349 0.1
84 353 0.1
84 359 0.1
84 360 0.1
84 369 0.1
84 375 0.1
84 376 0.1
84 382 0.1
84 386 0.1
84 387 0.1
84 400 0.1
84 409 0.1
84 412 0.1
84 417 0.1
84 419 0.1
84 423 0.1
84 434 0.1
84 435 0.1
84 436 0.1
84 437 0.1
84 444 0.1
84 446 0.1
84 448 0.1
84 454 0.1
84 456 0.1
84 457 0.1
84 459 0.1
84 461 0.1
84 462 0.1
84 464 0.1
84 466 0.1
84 492 0.1
84 494 0.1
84 497 0.1
84 498 0.1
84 505 0.1
84 513 0.1
84 525 0.1
85 97 0.1
85 112 0.1
85 155 0.1
85 217 0.1
85 232 0.1
85 233 0.1
85 235 0.1
85 277 0.1
85 297 0.1
85 304 0.1
85 328 0.1
85 358 0.1
85 388 0.1
85 422 0.1
85 429 0.1
85 464 0.1
85 482 0.1
85 491 0.1
86 108 0.1
86 113 0.1
86 124 0.1
86 125 0.1
86 133 0.1
86 136 0.1
86 142 0.1
86 148 0.1
86 158 0.1
86 167 0.1
86 170 0.1
86 196 0.1
86 213 0.1
86 214 0.1
86 225 0.1
86 229 0.1
86 234 0.1
86 236 0.1
86 241 0.1
86 254 0.1
86 258 0.1
86 270 0.1
86 278 0.1
86 280 0.1
86 293 0.1
86 301 0.1
86 323 0.1
86 334 0.1
86 347 0.1
86 349 0.1
86 351 0.1
86 394 0.1
86 400 0.1
86 406 0.1
86 409 0.1
86 412 0.1
86 416 0.1
86 423 0.1
86 436 0.1
86 459 0.1
86 461 0.1
86 462 0.1
86 485 0.1
86 486 0.1
86 489 0.1
86 497 0.1
86 515 0.1
86 518 0.1
86 525 0.1
87 104 0.1
87 120 0.1
87 148 0.1
87 152 0.1
87 167 0.1
87 168 0.1
87 198 0.1
87 209 0.1
87 254 0.1
87 256 0.1
87 329 0.1
87 332 0.1
87 391 0.1
87 395 0.1
87 436 0.1
87 446 0.1
87 461 0.1
87 486 0.1
87 497 0.1
88 132 0.1
88 237 0.1
88 273 0.1
88 286 0.1
88 348 0.1
88 364 0.1
88 465 0.1
89 134 0.1
89 223 0.1
89 318 0.1
89 366 0.1
89 389 0.1
89 390 0.1
89 473 0.1
90 133 0.1
90 225 0.1
90 274 0.1
90 305 0.1
90 308 0.1
90 400 0.1
90 498 0.1
90 515 0.1
91 97 0.1
91 123 0.1
91 142 0.1
91 143 0.1
91 199 0.1
91 233 0.1
91 269 0.1
91 287 0.1
91 297 0.1
91 298 0.1
91 328 0.1
91 344 0.1
91 358 0.1
91 360 0.1
91 390 0.1
91 412 0.1
91 488 0.1
91 514 0.1
92 114 0.1
92 193 0.1
92 197 0.1
92 434 0.1
92 441 0.1
92 485 0.1
92 513 0.1
93 159 0.1
93 192 0.1
93 200 0.1
93 210 0.1
93 221 0.1
93 285 0.1
94 285 0.1
95 155 0.1
95 315 0.1
95 404 0.1
95 412 0.1
95 445 0.1
96 100 0.1
96 118 0.1
96 136 0.1
96 230 0.1
96 261 0.1
96 298 0.1
96 336 0.1
96 384 0.1
96 390 0.1
96 405 0.1
96 416 0.1
96 419 0.1
96 473 0.1
96 495 0.1
96 502 0.1
96 517 0.1
97 100 0.1
97 107 0.1
97 123 0.1
97 144 0.1
97 176 0.1
97 186 0.1
97 190 0.1
97 204 0.1
97 217 0.1
97 296 0.1
97 322 0.1
97 327 0.1
97 328 0.1
97 360 0.1
97 473 0.1
97 495 0.1
97 508 0.1
98 118 0.1
98 134 0.1
98 261 0.1
98 307 0.1
98 336 0.1
98 390 0.1
98 397 0.1
98 477 0.1
99 238 0.1
99 252 0.1
99 290 0.1
100 143 0.1
100 246 0.1
100 394 0.1
100 408 0.1
100 461 0.1
100 464 0.1
101 155 0.1
101 199 0.1
101 214 0.1
101 225 0.1
101 298 0.1
101 304 0.1
101 342 0.1
101 366 0.1
101 404 0.1
101 412 0.1
101 418 0.1
101 428 0.1
101 429 0.1
101 433 0.1
101 442 0.1
101 453 0.1
101 454 0.1
101 458 0.1
101 491 0.1
101 517 0.1
102 137 0.1
102 165 0.1
102 181 0.1
102 203 0.1
102 340 0.1
102 372 0.1
102 379 0.1
102 381 0.1
102 407 0.1
102 420 0.1
102 421 0.1
103 111 0.1
103 171 0.1
103 202 0.1
103 316 0.1
103 367 0.1
103 396 0.1
103 410 0.1
103 472 0.1
104 108 0.1
104 120 0.1
104 139 0.1
104 148 0.1
104 168 0.1
104 197 0.1
104 209 0.1
104 236 0.1
104 241 0.1
104 254 0.1
104 256 0.1
104 258 0.1
104 283 0.1
104 301 0.1
104 321 0.1
104 323 0.1
104 329 0.1
104 332 0.1
104 391 0.1
104 394 0.1
104 395 0.1
104 400 0.1
104 416 0.1
104 436 0.1
104 446 0.1
104 461 0.1
104 486 0.1
104 497 0.1
104 502 0.1
104 525 0.1
105 181 0.1
105 255 0.1
105 264 0.1
106 119 0.1
106 135 0.1
106 158 0.1
106 172 0.1
106 176 0.1
106 194 0.1
106 220 0.1
106 253 0.1
106 310 0.1
106 327 0.1
106 346 0.1
106 390 0.1
106 473 0.1
106 491 0.1
106 523 0.1
107 190 0.1
107 317 0.1
107 358 0.1
107 452 0.1
107 472 0.1
108 113 0.1
108 124 0.1
108 136 0.1
108 139 0.1
108 152 0.1
108 167 0.1
108 168 0.1
108 170 0.1
108 185 0.1
108 187 0.1
108 194 0.1
108 196 0.1
108 197 0.1
108 220 0.1
108 225 0.1
108 228 0.1
108 234 0.1
108 236 0.1
108 241 0.1
108 254 0.1
108 258 0.1
108 270 0.1
108 271 0.1
108 274 0.1
108 280 0.1
108 281 0.1
108 282 0.1
108 284 0.1
108 293 0.1
108 302 0.1
108 304 0.1
108 307 0.1
108 320 0.1
108 321 0.1
108 323 0.1
108 329 0.1
108 334 0.1
108 349 0.1
108 356 0.1
108 382 0.1
108 386 0.1
108 394 0.1
108 398 0.1
108 404 0.1
108 409 0.1
108 412 0.1
108 419 0.1
108 424 0.1
108 436 0.1
108 444 0.1
108 446 0.1
108 448 0.1
108 456 0.1
108 459 0.1
108 461 0.1
108 462 0.1
108 485 0.1
108 486 0.1
108 489 0.1
108 494 0.1
108 497 0.1
108 498 0.1
108 505 0.1
108 510 0.1
108 513 0.1
108 525 0.1
109 176 0.1
109 203 0.1
109 216 0.1
109 243 0.1
109 247 0.1
109 248 0.1
109 255 0.1
109 260 0.1
109 308 0.1
109 315 0.1
109 319 0.1
109 326 0.1
109 327 0.1
109 354 0.1
109 372 0.1
109 377 0.1
109 415 0.1
109 421 0.1
109 447 0.1
109 467 0.1
109 474 0.1
109 511 0.1
110 176 0.1
110 195 0.1
110 197 0.1
110 204 0.1
110 216 0.1
110 308 0.1
110 319 0.1
110 341 0.1
110 354 0.1
110 372 0.1
110 435 0.1
110 458 0.1
110 474 0.1
110 487 0.1
110 511 0.1
110 525 0.1
111 112 0.1
111 133 0.1
111 134 0.1
111 152 0.1
111 199 0.1
111 235 0.1
111 287 0.1
111 360 0.1
111 390 0.1
111 432 0.1
111 440 0.1
111 473 0.1
111 495 0.1
112 116 0.1
112 133 0.1
112 152 0.1
112 180 0.1
112 212 0.1
112 213 0.1
112 214 0.1
112 220 0.1
112 235 0.1
112 258 0.1
112 287 0.1
112 322 0.1
112 355 0.1
112 360 0.1
112 390 0.1
112 400 0.1
112 407 0.1
112 408 0.1
112 409 0.1
112 432 0.1
112 444 0.1
112 448 0.1
112 464 0.1
113 124 0.1
113 133 0.1
113 136 0.1
113 139 0.1
113 148 0.1
113 155 0.1
113 156 0.1
113 167 0.1
113 168 0.1
113 170 0.1
113 187 0.1
113 196 0.1
113 197 0.1
113 209 0.1
113 214 0.1
113 218 0.1
113 225 0.1
113 228 0.1
113 234 0.1
113 236 0.1
113 241 0.1
113 254 0.1
113 256 0.1
113 258 0.1
113 263 0.1
113 270 0.1
113 271 0.1
113 280 0.1
113 281 0.1
113 282 0.1
113 293 0.1
113 302 0.1
113 305 0.1
113 307 0.1
113 308 0.1
113 329 0.1
113 332 0.1
113 334 0.1
113 338 0.1
113 349 0.1
113 359 0.1
113 369 0.1
113 375 0.1
113 387 0.1
113 391 0.1
113 398 0.1
113 400 0.1
113 404 0.1
113 409 0.1
113 412 0.1
113 417 0.1
113 419 0.1
113 423 0.1
113 424 0.1
113 425 0.1
113 435 0.1
113 436 0.1
113 437 0.1
113 444 0.1
113 446 0.1
113 457 0.1
113 459 0.1
113 461 0.1
113 462 0.1
113 466 0.1
113 471 0.1
113 489 0.1
113 497 0.1
113 498 0.1
113 505 0.1
113 510 0.1
113 525 0.1
114 115 0.1
114 116 0.1
114 129 0.1
114 147 0.1
114 150 0.1
114 177 0.1
114 205 0.1
114 216 0.1
114 298 0.1
114 311 0.1
114 340 0.1
114 360 0.1
114 366 0.1
114 383 0.1
114 419 0.1
114 441 0.1
114 454 0.1
114 490 0.1
114 492 0.1
114 517 0.1
114 519 0.1
115 142 0.1
115 155 0.1
115 180 0.1
115 187 0.1
115 189 0.1
115 197 0.1
115 204 0.1
115 214 0.1
115 224 0.1
115 229 0.1
115 241 0.1
115 258 0.1
115 278 0.1
115 279 0.1
115 283 0.1
115 301 0.1
115 323 0.1
115 334 0.1
115 370 0.1
115 400 0.1
115 413 0.1
115 416 0.1
115 436 0.1
115 475 0.1
115 485 0.1
115 486 0.1
115 497 0.1
115 502 0.1
116 129 0.1
116 150 0.1
116 177 0.1
116 213 0.1
116 257 0.1
116 263 0.1
116 267 0.1
116 322 0.1
116 340 0.1
116 355 0.1
116 360 0.1
116 366 0.1
116 383 0.1
116 389 0.1
116 392 0.1
116 441 0.1
116 448 0.1
116 490 0.1
116 493 0.1
116 518 0.1
116 519 0.1
116 523 0.1
118 134 0.1
118 157 0.1
118 163 0.1
118 178 0.1
118 223 0.1
118 261 0.1
118 296 0.1
118 308 0.1
118 310 0.1
118 336 0.1
118 344 0.1
118 346 0.1
118 374 0.1
118 389 0.1
118 390 0.1
118 397 0.1
118 473 0.1
118 477 0.1
118 491 0.1
118 501 0.1
119 138 0.1
119 141 0.1
119 142 0.1
119 148 0.1
119 155 0.1
119 176 0.1
119 214 0.1
119 220 0.1
119 224 0.1
119 251 0.1
119 253 0.1
119 261 0.1
119 270 0.1
119 298 0.1
119 300 0.1
119 358 0.1
119 406 0.1
119 473 0.1
119 491 0.1
119 496 0.1
120 146 0.1
120 168 0.1
120 176 0.1
120 204 0.1
120 216 0.1
120 236 0.1
120 241 0.1
120 254 0.1
120 283 0.1
120 323 0.1
120 335 0.1
120 394 0.1
120 396 0.1
120 416 0.1
120 421 0.1
120 424 0.1
120 497 0.1
120 502 0.1
121 156 0.1
121 211 0.1
121 228 0.1
121 230 0.1
121 232 0.1
121 240 0.1
121 263 0.1
121 276 0.1
121 325 0.1
121 338 0.1
121 356 0.1
121 359 0.1
121 393 0.1
121 425 0.1
121 436 0.1
121 437 0.1
121 457 0.1
121 463 0.1
121 471 0.1
121 498 0.1
122 127 0.1
122 130 0.1
122 183 0.1
122 209 0.1
122 300 0.1
122 315 0.1
122 324 0.1
122 389 0.1
122 396 0.1
122 429 0.1
122 453 0.1
123 140 0.1
123 142 0.1
123 152 0.1
123 199 0.1
123 234 0.1
123 294 0.1
123 304 0.1
123 328 0.1
123 350 0.1
123 360 0.1
123 412 0.1
123 426 0.1
123 428 0.1
123 504 0.1
124 125 0.1
124 133 0.1
124 136 0.1
124 139 0.1
124 148 0.1
124 152 0.1
124 155 0.1
124 170 0.1
124 185 0.1
124 187 0.1
124 196 0.1
124 218 0.1
124 220 0.1
124 225 0.1
124 228 0.1
124 232 0.1
124 234 0.1
124 249 0.1
124 254 0.1
124 258 0.1
124 263 0.1
124 270 0.1
124 271 0.1
124 274 0.1
124 281 0.1
124 282 0.1
124 293 0.1
124 302 0.1
124 305 0.1
124 307 0.1
124 320 0.1
124 329 0.1
124 334 0.1
124 349 0.1
124 353 0.1
124 359 0.1
124 375 0.1
124 376 0.1
124 382 0.1
124 386 0.1
124 398 0.1
124 400 0.1
124 409 0.1
124 412 0.1
124 417 0.1
124 419 0.1
124 423 0.1
124 425 0.1
124 434 0.1
124 435 0.1
124 437 0.1
124 444 0.1
124 446 0.1
124 448 0.1
124 456 0.1
124 457 0.1
124 459 0.1
124 461 0.1
124 462 0.1
124 489 0.1
124 497 0.1
124 498 0.1
124 505 0.1
124 513 0.1
124 515 0.1
124 525 0.1
125 133 0.1
125 136 0.1
125 148 0.1
125 170 0.1
125 196 0.1
125 197 0.1
125 213 0.1
125 218 0.1
125 225 0.1
125 234 0.1
125 249 0.1
125 258 0.1
125 270 0.1
125 271 0.1
125 274 0.1
125 280 0.1
125 282 0.1
125 284 0.1
125 293 0.1
125 301 0.1
125 302 0.1
125 305 0.1
125 320 0.1
125 349 0.1
125 353 0.1
125 375 0.1
125 376 0.1
125 382 0.1
125 386 0.1
125 398 0.1
125 400 0.1
125 409 0.1
125 412 0.1
125 423 0.1
125 434 0.1
125 436 0.1
125 444 0.1
125 448 0.1
125 454 0.1
125 456 0.1
125 459 0.1
125 462 0.1
125 489 0.1
125 494 0.1
125 498 0.1
125 512 0.1
125 513 0.1
125 515 0.1
126 155 0.1
126 404 0.1
126 412 0.1
127 135 0.1
127 190 0.1
127 199 0.1
127 217 0.1
127 268 0.1
127 281 0.1
127 334 0.1
127 359 0.1
127 378 0.1
127 443 0.1
127 454 0.1
127 460 0.1
128 348 0.1
129 150 0.1
129 158 0.1
129 160 0.1
129 251 0.1
129 253 0.1
129 267 0.1
129 383 0.1
129 407 0.1
129 426 0.1
129 441 0.1
129 490 0.1
129 503 0.1
130 135 0.1
130 193 0.1
130 204 0.1
130 220 0.1
130 253 0.1
130 275 0.1
130 298 0.1
130 396 0.1
130 419 0.1
130 426 0.1
130 453 0.1
130 473 0.1
130 498 0.1
131 216 0.1
131 319 0.1
132 237 0.1
132 286 0.1
132 299 0.1
132 348 0.1
132 362 0.1
132 364 0.1
132 403 0.1
132 465 0.1
133 136 0.1
133 152 0.1
133 155 0.1
133 170 0.1
133 191 0.1
133 196 0.1
133 197 0.1
133 206 0.1
133 213 0.1
133 218 0.1
133 224 0.1
133 225 0.1
133 228 0.1
133 234 0.1
133 235 0.1
133 236 0.1
133 249 0.1
133 258 0.1
133 266 0.1
133 267 0.1
133 270 0.1
133 271 0.1
133 280 0.1
133 281 0.1
133 282 0.1
133 284 0.1
133 287 0.1
133 293 0.1
133 301 0.1
133 302 0.1
133 305 0.1
133 306 0.1
133 307 0.1
133 308 0.1
133 320 0.1
133 322 0.1
133 323 0.1
133 334 0.1
133 336 0.1
133 346 0.1
133 349 0.1
133 351 0.1
133 353 0.1
133 360 0.1
133 373 0.1
133 375 0.1
133 382 0.1
133 386 0.1
133 390 0.1
133 391 0.1
133 398 0.1
133 400 0.1
133 402 0.1
133 406 0.1
133 409 0.1
133 412 0.1
133 422 0.1
133 423 0.1
133 434 0.1
133 436 0.1
133 444 0.1
133 448 0.1
133 456 0.1
133 459 0.1
133 460 0.1
133 462 0.1
133 468 0.1
133 473 0.1
133 488 0.1
133 489 0.1
133 492 0.1
133 494 0.1
133 498 0.1
133 513 0.1
133 515 0.1
133 522 0.1
133 525 0.1
134 157 0.1
134 163 0.1
134 178 0.1
134 190 0.1
134 217 0.1
134 223 0.1
134 235 0.1
134 242 0.1
134 257 0.1
134 261 0.1
134 287 0.1
134 310 0.1
134 318 0.1
134 336 0.1
134 344 0.1
134 374 0.1
134 387 0.1
134 390 0.1
134 396 0.1
134 397 0.1
134 432 0.1
134 473 0.1
134 477 0.1
134 491 0.1
134 495 0.1
134 501 0.1
135 167 0.1
135 204 0.1
135 236 0.1
135 255 0.1
135 268 0.1
135 359 0.1
135 361 0.1
135 369 0.1
135 378 0.1
135 443 0.1
135 460 0.1
135 481 0.1
136 142 0.1
136 167 0.1
136 168 0.1
136 170 0.1
136 175 0.1
136 191 0.1
136 196 0.1
136 197 0.1
136 213 0.1
136 218 0.1
136 225 0.1
136 234 0.1
136 236 0.1
136 241 0.1
136 258 0.1
136 270 0.1
136 280 0.1
136 282 0.1
136 293 0.1
136 301 0.1
136 307 0.1
136 320 0.1
136 321 0.1
136 323 0.1
136 347 0.1
136 349 0.1
136 351 0.1
136 375 0.1
136 386 0.1
136 400 0.1
136 402 0.1
136 409 0.1
136 412 0.1
136 418 0.1
136 423 0.1
136 426 0.1
136 436 0.1
136 444 0.1
136 448 0.1
136 452 0.1
136 459 0.1
136 461 0.1
136 462 0.1
136 486 0.1
136 489 0.1
136 492 0.1
136 497 0.1
136 498 0.1
136 513 0.1
136 515 0.1
137 165 0.1
137 195 0.1
137 203 0.1
137 204 0.1
137 208 0.1
137 214 0.1
137 255 0.1
137 275 0.1
137 308 0.1
137 327 0.1
137 335 0.1
137 379 0.1
137 381 0.1
137 407 0.1
137 421 0.1
137 459 0.1
137 470 0.1
137 505 0.1
138 139 0.1
138 142 0.1
138 163 0.1
138 175 0.1
138 178 0.1
138 204 0.1
138 228 0.1
138 231 0.1
138 243 0.1
138 261 0.1
138 275 0.1
138 278 0.1
138 296 0.1
138 339 0.1
138 344 0.1
138 346 0.1
138 365 0.1
138 387 0.1
138 390 0.1
138 392 0.1
138 425 0.1
138 433 0.1
138 441 0.1
138 444 0.1
138 445 0.1
138 450 0.1
138 456 0.1
138 464 0.1
138 471 0.1
138 473 0.1
138 477 0.1
138 496 0.1
138 512 0.1
139 148 0.1
139 155 0.1
139 168 0.1
139 180 0.1
139 189 0.1
139 205 0.1
139 231 0.1
139 241 0.1
139 254 0.1
139 256 0.1
139 270 0.1
139 278 0.1
139 281 0.1
139 282 0.1
139 305 0.1
139 321 0.1
139 323 0.1
139 329 0.1
139 332 0.1
139 334 0.1
139 383 0.1
139 391 0.1
139 394 0.1
139 404 0.1
139 412 0.1
139 416 0.1
139 426 0.1
139 433 0.1
139 436 0.1
139 441 0.1
139 446 0.1
139 448 0.1
139 461 0.1
139 471 0.1
139 492 0.1
139 497 0.1
139 510 0.1
140 155 0.1
140 282 0.1
140 300 0.1
140 307 0.1
140 338 0.1
140 360 0.1
140 404 0.1
140 412 0.1
140 428 0.1
140 445 0.1
141 155 0.1
141 217 0.1
141 234 0.1
141 300 0.1
141 360 0.1
141 384 0.1
141 387 0.1
141 458 0.1
142 148 0.1
142 207 0.1
142 212 0.1
142 214 0.1
142 216 0.1
142 219 0.1
142 229 0.1
142 254 0.1
142 278 0.1
142 279 0.1
142 280 0.1
142 287 0.1
142 294 0.1
142 301 0.1
142 323 0.1
142 334 0.1
142 338 0.1
142 347 0.1
142 372 0.1
142 394 0.1
142 405 0.1
142 406 0.1
142 416 0.1
142 436 0.1
142 473 0.1
142 474 0.1
142 485 0.1
142 486 0.1
142 496 0.1
142 518 0.1
143 180 0.1
143 184 0.1
143 220 0.1
143 239 0.1
143 287 0.1
143 459 0.1
144 231 0.1
144 270 0.1
144 305 0.1
144 368 0.1
144 391 0.1
144 410 0.1
144 491 0.1
145 174 0.1
145 202 0.1
145 245 0.1
145 259 0.1
145 289 0.1
145 291 0.1
145 431 0.1
145 438 0.1
145 449 0.1
146 165 0.1
146 176 0.1
146 198 0.1
146 203 0.1
146 204 0.1
146 216 0.1
146 255 0.1
146 260 0.1
146 308 0.1
146 315 0.1
146 319 0.1
146 328 0.1
146 351 0.1
146 354 0.1
146 372 0.1
146 415 0.1
146 417 0.1
146 421 0.1
146 424 0.1
146 511 0.1
146 512 0.1
146 516 0.1
147 312 0.1
147 441 0.1
147 482 0.1
147 493 0.1
147 524 0.1
148 168 0.1
148 180 0.1
148 187 0.1
148 196 0.1
148 205 0.1
148 209 0.1
148 214 0.1
148 225 0.1
148 234 0.1
148 241 0.1
148 254 0.1
148 256 0.1
148 278 0.1
148 279 0.1
148 281 0.1
148 282 0.1
148 287 0.1
148 301 0.1
148 323 0.1
148 324 0.1
148 329 0.1
148 332 0.1
148 334 0.1
148 346 0.1
148 370 0.1
148 387 0.1
148 391 0.1
148 394 0.1
148 395 0.1
148 406 0.1
148 412 0.1
148 428 0.1
148 436 0.1
148 441 0.1
148 445 0.1
148 446 0.1
148 461 0.1
148 489 0.1
148 497 0.1
148 502 0.1
148 510 0.1
149 214 0.1
149 220 0.1
149 363 0.1
149 406 0.1
149 426 0.1
149 445 0.1
149 469 0.1
150 360 0.1
150 383 0.1
150 441 0.1
150 519 0.1
151 216 0.1
151 255 0.1
151 308 0.1
151 315 0.1
151 354 0.1
151 372 0.1
151 467 0.1
151 474 0.1
151 511 0.1
152 155 0.1
152 163 0.1
152 170 0.1
152 194 0.1
152 197 0.1
152 199 0.1
152 208 0.1
152 220 0.1
152 225 0.1
152 228 0.1
152 234 0.1
152 236 0.1
152 249 0.1
152 258 0.1
152 270 0.1
152 274 0.1
152 277 0.1
152 280 0.1
152 282 0.1
152 284 0.1
152 298 0.1
152 305 0.1
152 308 0.1
152 318 0.1
152 324 0.1
152 346 0.1
152 349 0.1
152 353 0.1
152 360 0.1
152 369 0.1
152 386 0.1
152 390 0.1
152 400 0.1
152 407 0.1
152 409 0.1
152 417 0.1
152 419 0.1
152 425 0.1
152 437 0.1
152 444 0.1
152 454 0.1
152 456 0.1
152 457 0.1
152 459 0.1
152 462 0.1
152 466 0.1
152 471 0.1
152 486 0.1
152 488 0.1
152 498 0.1
152 505 0.1
152 510 0.1
152 514 0.1
152 523 0.1
152 525 0.1
153 162 0.1
153 292 0.1
153 330 0.1
153 331 0.1
153 385 0.1
154 202 0.1
154 391 0.1
155 156 0.1
155 208 0.1
155 213 0.1
155 214 0.1
155 220 0.1
155 225 0.1
155 232 0.1
155 234 0.1
155 258 0.1
155 262 0.1
155 263 0.1
155 276 0.1
155 282 0.1
155 293 0.1
155 300 0.1
155 302 0.1
155 304 0.1
155 305 0.1
155 307 0.1
155 308 0.1
155 338 0.1
155 346 0.1
155 349 0.1
155 353 0.1
155 358 0.1
155 359 0.1
155 360 0.1
155 361 0.1
155 382 0.1
155 387 0.1
155 400 0.1
155 404 0.1
155 412 0.1
155 419 0.1
155 424 0.1
155 428 0.1
155 435 0.1
155 437 0.1
155 444 0.1
155 453 0.1
155 454 0.1
155 457 0.1
155 464 0.1
155 471 0.1
155 486 0.1
155 505 0.1
155 510 0.1
155 525 0.1
156 176 0.1
156 211 0.1
156 228 0.1
156 251 0.1
156 270 0.1
156 293 0.1
156 296 0.1
156 298 0.1
156 305 0.1
156 308 0.1
156 329 0.1
156 338 0.1
156 343 0.1
156 350 0.1
156 356 0.1
156 360 0.1
156 387 0.1
156 390 0.1
156 408 0.1
156 411 0.1
156 426 0.1
156 436 0.1
156 437 0.1
156 454 0.1
156 471 0.1
156 472 0.1
156 488 0.1
156 498 0.1
156 508 0.1
156 510 0.1
157 163 0.1
157 178 0.1
157 223 0.1
157 261 0.1
157 318 0.1
157 324 0.1
157 336 0.1
157 344 0.1
157 374 0.1
157 389 0.1
157 390 0.1
157 397 0.1
157 477 0.1
157 491 0.1
158 172 0.1
158 176 0.1
158 178 0.1
158 193 0.1
158 194 0.1
158 204 0.1
158 208 0.1
158 214 0.1
158 215 0.1
158 224 0.1
158 253 0.1
158 275 0.1
158 346 0.1
158 351 0.1
158 360 0.1
158 366 0.1
158 384 0.1
158 390 0.1
158 392 0.1
158 396 0.1
158 425 0.1
158 454 0.1
158 457 0.1
158 458 0.1
158 464 0.1
158 471 0.1
158 498 0.1
158 505 0.1
158 510 0.1
159 221 0.1
160 205 0.1
160 217 0.1
160 232 0.1
160 398 0.1
160 415 0.1
160 420 0.1
160 422 0.1
160 510 0.1
161 390 0.1
161 451 0.1
161 473 0.1
161 484 0.1
161 500 0.1
161 501 0.1
161 520 0.1
161 521 0.1
161 522 0.1
162 292 0.1
162 330 0.1
162 331 0.1
162 385 0.1
162 480 0.1
163 169 0.1
163 178 0.1
163 213 0.1
163 261 0.1
163 275 0.1
163 278 0.1
163 296 0.1
163 336 0.1
163 339 0.1
163 344 0.1
163 346 0.1
163 365 0.1
163 374 0.1
163 387 0.1
163 389 0.1
163 390 0.1
163 397 0.1
163 425 0.1
163 444 0.1
163 450 0.1
163 469 0.1
163 477 0.1
163 491 0.1
163 496 0.1
163 503 0.1
164 166 0.1
164 174 0.1
164 192 0.1
164 200 0.1
164 202 0.1
164 210 0.1
164 217 0.1
164 221 0.1
164 244 0.1
164 245 0.1
164 251 0.1
164 476 0.1
165 181 0.1
165 203 0.1
165 204 0.1
165 253 0.1
165 255 0.1
165 322 0.1
165 335 0.1
165 379 0.1
165 381 0.1
165 407 0.1
165 421 0.1
165 478 0.1
165 491 0.1
166 174 0.1
166 192 0.1
166 200 0.1
166 202 0.1
166 210 0.1
166 217 0.1
166 244 0.1
166 245 0.1
166 251 0.1
166 406 0.1
167 168 0.1
167 183 0.1
167 187 0.1
167 194 0.1
167 197 0.1
167 201 0.1
167 212 0.1
167 220 0.1
167 225 0.1
167 228 0.1
167 236 0.1
167 241 0.1
167 258 0.1
167 270 0.1
167 274 0.1
167 280 0.1
167 301 0.1
167 307 0.1
167 308 0.1
167 313 0.1
167 321 0.1
167 323 0.1
167 346 0.1
167 369 0.1
167 393 0.1
167 394 0.1
167 400 0.1
167 404 0.1
167 417 0.1
167 419 0.1
167 424 0.1
167 426 0.1
167 436 0.1
167 444 0.1
167 446 0.1
167 456 0.1
167 459 0.1
167 466 0.1
167 481 0.1
167 486 0.1
167 492 0.1
167 497 0.1
167 498 0.1
167 502 0.1
167 525 0.1
168 187 0.1
168 196 0.1
168 197 0.1
168 198 0.1
168 209 0.1
168 225 0.1
168 236 0.1
168 241 0.1
168 254 0.1
168 256 0.1
168 258 0.1
168 270 0.1
168 281 0.1
168 282 0.1
168 301 0.1
168 307 0.1
168 321 0.1
168 323 0.1
168 329 0.1
168 332 0.1
168 349 0.1
168 353 0.1
168 369 0.1
168 382 0.1
168 386 0.1
168 391 0.1
168 395 0.1
168 400 0.1
168 412 0.1
168 419 0.1
168 424 0.1
168 436 0.1
168 446 0.1
168 461 0.1
168 464 0.1
168 486 0.1
168 497 0.1
168 498 0.1
168 505 0.1
168 518 0.1
168 525 0.1
169 178 0.1
169 182 0.1
169 183 0.1
169 243 0.1
169 261 0.1
169 283 0.1
169 332 0.1
169 387 0.1
169 418 0.1
169 445 0.1
169 453 0.1
169 455 0.1
169 477 0.1
169 497 0.1
170 185 0.1
170 187 0.1
170 197 0.1
170 218 0.1
170 220 0.1
170 225 0.1
170 234 0.1
170 236 0.1
170 249 0.1
170 258 0.1
170 266 0.1
170 270 0.1
170 271 0.1
170 280 0.1
170 282 0.1
170 284 0.1
170 293 0.1
170 302 0.1
170 304 0.1
170 305 0.1
170 307 0.1
170 320 0.1
170 329 0.1
170 334 0.1
170 349 0.1
170 353 0.1
170 375 0.1
170 382 0.1
170 386 0.1
170 398 0.1
170 400 0.1
170 409 0.1
170 412 0.1
170 419 0.1
170 423 0.1
170 426 0.1
170 434 0.1
170 444 0.1
170 448 0.1
170 456 0.1
170 459 0.1
170 462 0.1
170 481 0.1
170 489 0.1
170 494 0.1
170 498 0.1
170 513 0.1
170 525 0.1
171 178 0.1
171 202 0.1
171 247 0.1
171 396 0.1
171 472 0.1
172 194 0.1
172 296 0.1
172 372 0.1
172 503 0.1
173 176 0.1
173 181 0.1
173 203 0.1
173 216 0.1
173 243 0.1
173 269 0.1
173 308 0.1
173 315 0.1
173 319 0.1
173 327 0.1
173 372 0.1
173 405 0.1
173 445 0.1
174 192 0.1
174 200 0.1
174 202 0.1
174 210 0.1
174 217 0.1
174 221 0.1
174 244 0.1
174 245 0.1
174 259 0.1
174 289 0.1
174 291 0.1
174 309 0.1
174 431 0.1
174 438 0.1
174 449 0.1
175 189 0.1
175 225 0.1
175 241 0.1
175 249 0.1
175 253 0.1
175 254 0.1
175 261 0.1
175 270 0.1
175 275 0.1
175 280 0.1
175 281 0.1
175 282 0.1
175 300 0.1
175 305 0.1
175 307 0.1
175 323 0.1
175 332 0.1
175 334 0.1
175 339 0.1
175 341 0.1
175 346 0.1
175 365 0.1
175 381 0.1
175 390 0.1
175 391 0.1
175 392 0.1
175 394 0.1
175 404 0.1
175 412 0.1
175 436 0.1
175 437 0.1
175 445 0.1
175 448 0.1
175 462 0.1
175 468 0.1
175 471 0.1
175 496 0.1
175 510 0.1
176 178 0.1
176 193 0.1
176 194 0.1
176 195 0.1
176 203 0.1
176 204 0.1
176 207 0.1
176 213 0.1
176 214 0.1
176 215 0.1
176 216 0.1
176 217 0.1
176 224 0.1
176 228 0.1
176 236 0.1
176 253 0.1
176 255 0.1
176 258 0.1
176 260 0.1
176 261 0.1
176 267 0.1
176 269 0.1
176 272 0.1
176 274 0.1
176 275 0.1
176 283 0.1
176 284 0.1
176 305 0.1
176 308 0.1
176 312 0.1
176 315 0.1
176 319 0.1
176 322 0.1
176 326 0.1
176 341 0.1
176 344 0.1
176 346 0.1
176 350 0.1
176 354 0.1
176 360 0.1
176 365 0.1
176 369 0.1
176 372 0.1
176 376 0.1
176 377 0.1
176 386 0.1
176 387 0.1
176 392 0.1
176 396 0.1
176 397 0.1
176 406 0.1
176 415 0.1
176 419 0.1
176 421 0.1
176 425 0.1
176 433 0.1
176 437 0.1
176 444 0.1
176 454 0.1
176 456 0.1
176 457 0.1
176 458 0.1
176 464 0.1
176 470 0.1
176 471 0.1
176 474 0.1
176 487 0.1
176 494 0.1
176 498 0.1
176 503 0.1
176 505 0.1
176 509 0.1
176 510 0.1
176 511 0.1
176 512 0.1
176 517 0.1
177 340 0.1
177 361 0.1
177 366 0.1
177 383 0.1
177 411 0.1
177 441 0.1
177 490 0.1
178 202 0.1
178 215 0.1
178 223 0.1
178 246 0.1
178 261 0.1
178 296 0.1
178 336 0.1
178 344 0.1
178 365 0.1
178 366 0.1
178 374 0.1
178 387 0.1
178 389 0.1
178 390 0.1
178 397 0.1
178 418 0.1
178 441 0.1
178 450 0.1
178 454 0.1
178 458 0.1
178 477 0.1
178 491 0.1
178 496 0.1
178 498 0.1
178 501 0.1
178 502 0.1
178 503 0.1
178 515 0.1
179 182 0.1
179 209 0.1
179 242 0.1
179 257 0.1
179 344 0.1
179 388 0.1
179 396 0.1
179 430 0.1
180 189 0.1
180 203 0.1
180 208 0.1
180 209 0.1
180 216 0.1
180 233 0.1
180 254 0.1
180 256 0.1
180 269 0.1
180 278 0.1
180 287 0.1
180 313 0.1
180 328 0.1
180 329 0.1
180 332 0.1
180 394 0.1
180 395 0.1
180 408 0.1
180 411 0.1
180 412 0.1
180 417 0.1
180 421 0.1
180 426 0.1
180 433 0.1
180 441 0.1
180 445 0.1
180 461 0.1
180 464 0.1
180 485 0.1
180 492 0.1
180 497 0.1
181 203 0.1
181 255 0.1
181 264 0.1
181 379 0.1
181 405 0.1
181 421 0.1
181 426 0.1
181 481 0.1
182 190 0.1
182 203 0.1
182 228 0.1
182 236 0.1
182 239 0.1
182 243 0.1
182 311 0.1
182 418 0.1
182 440 0.1
182 445 0.1
182 482 0.1
183 205 0.1
183 236 0.1
183 241 0.1
183 275 0.1
183 304 0.1
183 315 0.1
183 378 0.1
183 406 0.1
183 412 0.1
183 424 0.1
183 442 0.1
183 486 0.1
184 209 0.1
184 217 0.1
184 255 0.1
184 267 0.1
184 314 0.1
184 391 0.1
184 455 0.1
185 218 0.1
185 225 0.1
185 234 0.1
185 249 0.1
185 258 0.1
185 270 0.1
185 271 0.1
185 274 0.1
185 281 0.1
185 282 0.1
185 284 0.1
185 293 0.1
185 302 0.1
185 305 0.1
185 320 0.1
185 329 0.1
185 334 0.1
185 349 0.1
185 353 0.1
185 375 0.1
185 382 0.1
185 386 0.1
185 398 0.1
185 412 0.1
185 423 0.1
185 434 0.1
185 444 0.1
185 446 0.1
185 456 0.1
185 462 0.1
185 494 0.1
185 510 0.1
185 513 0.1
185 515 0.1
185 525 0.1
187 189 0.1
187 194 0.1
187 197 0.1
187 218 0.1
187 225 0.1
187 228 0.1
187 230 0.1
187 232 0.1
187 234 0.1
187 236 0.1
187 241 0.1
187 249 0.1
187 258 0.1
187 263 0.1
187 270 0.1
187 274 0.1
187 281 0.1
187 282 0.1
187 284 0.1
187 293 0.1
187 302 0.1
187 307 0.1
187 308 0.1
187 313 0.1
187 320 0.1
187 349 0.1
187 353 0.1
187 359 0.1
187 368 0.1
187 375 0.1
187 376 0.1
187 382 0.1
187 386 0.1
187 412 0.1
187 419 0.1
187 425 0.1
187 435 0.1
187 436 0.1
187 437 0.1
187 444 0.1
187 446 0.1
187 456 0.1
187 457 0.1
187 459 0.1
187 462 0.1
187 466 0.1
187 471 0.1
187 492 0.1
187 494 0.1
187 497 0.1
187 498 0.1
187 505 0.1
187 518 0.1
187 525 0.1
188 273 0.1
189 194 0.1
189 214 0.1
189 241 0.1
189 254 0.1
189 263 0.1
189 278 0.1
189 283 0.1
189 313 0.1
189 323 0.1
189 332 0.1
189 334 0.1
189 391 0.1
189 394 0.1
189 404 0.1
189 412 0.1
189 416 0.1
189 418 0.1
189 419 0.1
189 424 0.1
189 436 0.1
189 456 0.1
189 471 0.1
189 486 0.1
189 492 0.1
189 502 0.1
189 525 0.1
190 257 0.1
190 270 0.1
190 349 0.1
190 423 0.1
190 452 0.1
190 508 0.1
191 400 0.1
191 402 0.1
192 200 0.1
192 202 0.1
192 210 0.1
192 217 0.1
192 221 0.1
192 244 0.1
192 245 0.1
192 251 0.1
192 259 0.1
192 291 0.1
192 309 0.1
192 476 0.1
193 197 0.1
193 220 0.1
193 275 0.1
193 283 0.1
193 341 0.1
193 342 0.1
193 353 0.1
193 368 0.1
193 396 0.1
193 406 0.1
193 419 0.1
193 434 0.1
193 464 0.1
193 485 0.1
194 197 0.1
194 228 0.1
194 230 0.1
194 232 0.1
194 236 0.1
194 249 0.1
194 253 0.1
194 258 0.1
194 261 0.1
194 263 0.1
194 270 0.1
194 274 0.1
194 282 0.1
194 284 0.1
194 305 0.1
194 308 0.1
194 313 0.1
194 346 0.1
194 376 0.1
194 382 0.1
194 384 0.1
194 386 0.1
194 419 0.1
194 436 0.1
194 437 0.1
194 444 0.1
194 448 0.1
194 456 0.1
194 457 0.1
194 464 0.1
194 466 0.1
194 471 0.1
194 486 0.1
194 492 0.1
194 494 0.1
194 498 0.1
194 505 0.1
194 525 0.1
195 207 0.1
195 308 0.1
195 341 0.1
195 354 0.1
195 377 0.1
195 511 0.1
196 197 0.1
196 225 0.1
196 234 0.1
196 236 0.1
196 241 0.1
196 249 0.1
196 258 0.1
196 270 0.1
196 271 0.1
196 274 0.1
196 280 0.1
196 282 0.1
196 293 0.1
196 301 0.1
196 302 0.1
196 307 0.1
196 320 0.1
196 323 0.1
196 334 0.1
196 349 0.1
196 351 0.1
196 375 0.1
196 382 0.1
196 386 0.1
196 398 0.1
196 400 0.1
196 409 0.1
196 412 0.1
196 417 0.1
196 423 0.1
196 436 0.1
196 444 0.1
196 459 0.1
196 461 0.1
196 462 0.1
196 486 0.1
196 489 0.1
196 497 0.1
196 513 0.1
196 515 0.1
196 525 0.1
197 214 0.1
197 220 0.1
197 225 0.1
197 236 0.1
197 241 0.1
197 256 0.1
197 258 0.1
197 270 0.1
197 271 0.1
197 274 0.1
197 275 0.1
197 280 0.1
197 284 0.1
197 293 0.1
197 301 0.1
197 320 0.1
197 323 0.1
197 341 0.1
197 347 0.1
197 349 0.1
197 351 0.1
197 353 0.1
197 369 0.1
197 376 0.1
197 382 0.1
197 386 0.1
197 400 0.1
197 409 0.1
197 412 0.1
197 417 0.1
197 419 0.1
197 423 0.1
197 424 0.1
197 426 0.1
197 436 0.1
197 443 0.1
197 444 0.1
197 456 0.1
197 459 0.1
197 466 0.1
197 485 0.1
197 486 0.1
197 489 0.1
197 498 0.1
197 513 0.1
197 515 0.1
197 525 0.1
198 236 0.1
198 242 0.1
198 243 0.1
198 319 0.1
198 321 0.1
198 372 0.1
198 404 0.1
198 405 0.1
198 498 0.1
199 220 0.1
199 228 0.1
199 267 0.1
199 296 0.1
199 298 0.1
199 340 0.1
199 344 0.1
199 349 0.1
199 360 0.1
199 369 0.1
199 407 0.1
199 409 0.1
199 411 0.1
199 419 0.1
199 426 0.1
199 429 0.1
199 437 0.1
199 444 0.1
199 453 0.1
199 454 0.1
199 457 0.1
199 458 0.1
199 462 0.1
199 491 0.1
199 505 0.1
199 523 0.1
200 210 0.1
200 217 0.1
200 244 0.1
200 251 0.1
200 257 0.1
200 309 0.1
200 476 0.1
201 311 0.1
202 217 0.1
202 245 0.1
202 251 0.1
202 259 0.1
202 291 0.1
202 296 0.1
202 367 0.1
202 376 0.1
202 387 0.1
202 396 0.1
202 431 0.1
202 441 0.1
202 472 0.1
203 216 0.1
203 243 0.1
203 308 0.1
203 312 0.1
203 315 0.1
203 319 0.1
203 328 0.1
203 354 0.1
203 368 0.1
203 372 0.1
203 379 0.1
203 380 0.1
203 381 0.1
203 405 0.1
203 421 0.1
203 445 0.1
203 467 0.1
203 481 0.1
204 207 0.1
204 216 0.1
204 220 0.1
204 224 0.1
204 236 0.1
204 251 0.1
204 254 0.1
204 255 0.1
204 258 0.1
204 260 0.1
204 261 0.1
204 263 0.1
204 269 0.1
204 280 0.1
204 283 0.1
204 305 0.1
204 308 0.1
204 315 0.1
204 319 0.1
204 326 0.1
204 327 0.1
204 335 0.1
204 341 0.1
204 354 0.1
204 360 0.1
204 366 0.1
204 369 0.1
204 372 0.1
204 384 0.1
204 396 0.1
204 405 0.1
204 416 0.1
204 419 0.1
204 421 0.1
204 439 0.1
204 443 0.1
204 453 0.1
204 458 0.1
204 464 0.1
204 467 0.1
204 470 0.1
204 474 0.1
204 487 0.1
204 491 0.1
204 496 0.1
204 498 0.1
204 502 0.1
204 511 0.1
204 516 0.1
205 209 0.1
205 214 0.1
205 220 0.1
205 229 0.1
205 239 0.1
205 241 0.1
205 251 0.1
205 270 0.1
205 278 0.1
205 280 0.1
205 283 0.1
205 296 0.1
205 301 0.1
205 305 0.1
205 306 0.1
205 317 0.1
205 323 0.1
205 334 0.1
205 346 0.1
205 360 0.1
205 388 0.1
205 416 0.1
205 420 0.1
205 426 0.1
205 436 0.1
205 454 0.1
205 455 0.1
205 459 0.1
205 474 0.1
205 502 0.1
205 510 0.1
207 270 0.1
207 308 0.1
207 338 0.1
207 341 0.1
207 377 0.1
207 382 0.1
207 386 0.1
207 456 0.1
207 479 0.1
207 511 0.1
207 516 0.1
207 525 0.1
208 220 0.1
208 225 0.1
208 258 0.1
208 276 0.1
208 282 0.1
208 351 0.1
208 353 0.1
208 360 0.1
208 411 0.1
208 505 0.1
209 216 0.1
209 242 0.1
209 254 0.1
209 256 0.1
209 257 0.1
209 313 0.1
209 329 0.1
209 332 0.1
209 344 0.1
209 380 0.1
209 388 0.1
209 391 0.1
209 395 0.1
209 396 0.1
209 416 0.1
209 446 0.1
209 461 0.1
209 492 0.1
209 497 0.1
209 499 0.1
209 510 0.1
210 217 0.1
210 221 0.1
210 251 0.1
210 309 0.1
211 230 0.1
211 232 0.1
211 241 0.1
211 276 0.1
211 325 0.1
211 338 0.1
211 343 0.1
211 356 0.1
211 359 0.1
211 393 0.1
211 425 0.1
211 457 0.1
211 463 0.1
211 471 0.1
211 498 0.1
212 275 0.1
212 416 0.1
212 443 0.1
212 481 0.1
213 253 0.1
213 258 0.1
213 280 0.1
213 300 0.1
213 308 0.1
213 320 0.1
213 322 0.1
213 355 0.1
213 360 0.1
213 375 0.1
213 386 0.1
213 400 0.1
213 402 0.1
213 409 0.1
213 513 0.1
213 515 0.1
214 220 0.1
214 228 0.1
214 236 0.1
214 241 0.1
214 254 0.1
214 258 0.1
214 265 0.1
214 270 0.1
214 278 0.1
214 283 0.1
214 301 0.1
214 307 0.1
214 323 0.1
214 332 0.1
214 334 0.1
214 342 0.1
214 346 0.1
214 349 0.1
214 369 0.1
214 370 0.1
214 391 0.1
214 394 0.1
214 406 0.1
214 408 0.1
214 413 0.1
214 416 0.1
214 419 0.1
214 425 0.1
214 436 0.1
214 442 0.1
214 444 0.1
214 452 0.1
214 464 0.1
214 475 0.1
214 485 0.1
214 486 0.1
214 491 0.1
214 497 0.1
214 498 0.1
214 502 0.1
214 518 0.1
214 525 0.1
215 216 0.1
215 225 0.1
215 260 0.1
215 269 0.1
215 272 0.1
215 296 0.1
215 308 0.1
215 315 0.1
215 319 0.1
215 372 0.1
215 383 0.1
215 392 0.1
215 409 0.1
215 421 0.1
215 429 0.1
215 450 0.1
215 458 0.1
215 474 0.1
215 511 0.1
215 515 0.1
216 219 0.1
216 236 0.1
216 243 0.1
216 247 0.1
216 254 0.1
216 255 0.1
216 256 0.1
216 260 0.1
216 269 0.1
216 280 0.1
216 283 0.1
216 294 0.1
216 308 0.1
216 313 0.1
216 315 0.1
216 319 0.1
216 326 0.1
216 327 0.1
216 335 0.1
216 350 0.1
216 354 0.1
216 357 0.1
216 372 0.1
216 405 0.1
216 415 0.1
216 421 0.1
216 428 0.1
216 445 0.1
216 458 0.1
216 461 0.1
216 467 0.1
216 470 0.1
216 474 0.1
216 485 0.1
216 487 0.1
216 488 0.1
216 492 0.1
216 511 0.1
216 512 0.1
217 244 0.1
217 251 0.1
217 259 0.1
217 296 0.1
217 344 0.1
217 349 0.1
217 352 0.1
217 391 0.1
217 396 0.1
217 407 0.1
217 452 0.1
217 476 0.1
217 511 0.1
218 225 0.1
218 234 0.1
218 249 0.1
218 258 0.1
218 270 0.1
218 271 0.1
218 281 0.1
218 282 0.1
218 293 0.1
218 302 0.1
218 307 0.1
218 320 0.1
218 332 0.1
218 349 0.1
218 353 0.1
218 375 0.1
218 382 0.1
218 386 0.1
218 398 0.1
218 409 0.1
218 412 0.1
218 417 0.1
218 422 0.1
218 423 0.1
218 426 0.1
218 434 0.1
218 436 0.1
218 446 0.1
218 456 0.1
218 462 0.1
218 497 0.1
218 498 0.1
218 513 0.1
218 515 0.1
218 525 0.1
219 236 0.1
219 275 0.1
219 294 0.1
219 313 0.1
219 370 0.1
219 372 0.1
219 426 0.1
219 442 0.1
219 474 0.1
219 498 0.1
220 228 0.1
220 236 0.1
220 251 0.1
220 267 0.1
220 270 0.1
220 275 0.1
220 280 0.1
220 282 0.1
220 296 0.1
220 298 0.1
220 305 0.1
220 307 0.1
220 342 0.1
220 346 0.1
220 360 0.1
220 363 0.1
220 387 0.1
220 406 0.1
220 419 0.1
220 420 0.1
220 422 0.1
220 426 0.1
220 433 0.1
220 440 0.1
220 453 0.1
220 459 0.1
220 464 0.1
220 474 0.1
220 488 0.1
220 496 0.1
220 502 0.1
221 244 0.1
221 251 0.1
221 309 0.1
221 476 0.1
223 298 0.1
223 318 0.1
223 336 0.1
223 344 0.1
223 374 0.1
223 387 0.1
223 389 0.1
223 390 0.1
223 392 0.1
223 397 0.1
223 473 0.1
223 491 0.1
223 498 0.1
224 228 0.1
224 231 0.1
224 246 0.1
224 249 0.1
224 251 0.1
224 256 0.1
224 258 0.1
224 263 0.1
224 270 0.1
224 283 0.1
224 307 0.1
224 328 0.1
224 363 0.1
224 394 0.1
224 396 0.1
224 416 0.1
224 432 0.1
224 433 0.1
224 435 0.1
224 441 0.1
224 454 0.1
224 457 0.1
224 471 0.1
224 473 0.1
224 474 0.1
224 491 0.1
224 498 0.1
224 502 0.1
224 505 0.1
225 228 0.1
225 234 0.1
225 236 0.1
225 249 0.1
225 258 0.1
225 270 0.1
225 271 0.1
225 280 0.1
225 281 0.1
225 282 0.1
225 284 0.1
225 293 0.1
225 301 0.1
225 302 0.1
225 305 0.1
225 307 0.1
225 320 0.1
225 329 0.1
225 332 0.1
225 334 0.1
225 346 0.1
225 349 0.1
225 351 0.1
225 353 0.1
225 358 0.1
225 373 0.1
225 375 0.1
225 382 0.1
225 386 0.1
225 398 0.1
225 400 0.1
225 409 0.1
225 412 0.1
225 417 0.1
225 422 0.1
225 423 0.1
225 429 0.1
225 434 0.1
225 436 0.1
225 444 0.1
225 448 0.1
225 456 0.1
225 459 0.1
225 462 0.1
225 464 0.1
225 466 0.1
225 471 0.1
225 486 0.1
225 489 0.1
225 494 0.1
225 498 0.1
225 513 0.1
225 515 0.1
225 525 0.1
227 526 0.1
227 527 0.1
227 528 0.1
227 530 0.1
227 531 0.1
227 532 0.1
227 10 0.1
227 61 0.1
227 103 0.1
227 144 0.1
227 171 0.1
227 184 0.1
227 205 0.1
227 239 0.1
227 296 0.1
227 316 0.1
227 367 0.1
227 380 0.1
227 383 0.1
227 396 0.1
227 410 0.1
227 442 0.1
227 472 0.1
228 234 0.1
228 236 0.1
228 241 0.1
228 253 0.1
228 257 0.1
228 258 0.1
228 263 0.1
228 265 0.1
228 270 0.1
228 274 0.1
228 282 0.1
228 284 0.1
228 298 0.1
228 305 0.1
228 307 0.1
228 308 0.1
228 327 0.1
228 345 0.1
228 346 0.1
228 350 0.1
228 351 0.1
228 356 0.1
228 359 0.1
228 369 0.1
228 376 0.1
228 382 0.1
228 386 0.1
228 391 0.1
228 393 0.1
228 406 0.1
228 409 0.1
228 417 0.1
228 419 0.1
228 423 0.1
228 425 0.1
228 426 0.1
228 435 0.1
228 436 0.1
228 437 0.1
228 444 0.1
228 448 0.1
228 454 0.1
228 456 0.1
228 457 0.1
228 462 0.1
228 464 0.1
228 466 0.1
228 471 0.1
228 488 0.1
228 492 0.1
228 494 0.1
228 496 0.1
228 498 0.1
228 505 0.1
228 517 0.1
228 525 0.1
229 254 0.1
229 278 0.1
229 323 0.1
229 334 0.1
229 347 0.1
229 370 0.1
229 394 0.1
229 406 0.1
229 416 0.1
229 436 0.1
229 485 0.1
229 486 0.1
229 497 0.1
229 502 0.1
229 518 0.1
230 232 0.1
230 240 0.1
230 263 0.1
230 270 0.1
230 298 0.1
230 338 0.1
230 343 0.1
230 356 0.1
230 376 0.1
230 425 0.1
230 440 0.1
230 457 0.1
230 463 0.1
230 471 0.1
231 265 0.1
231 267 0.1
231 277 0.1
231 383 0.1
231 433 0.1
231 468 0.1
231 471 0.1
231 477 0.1
232 240 0.1
232 254 0.1
232 263 0.1
232 274 0.1
232 276 0.1
232 298 0.1
232 302 0.1
232 338 0.1
232 356 0.1
232 359 0.1
232 383 0.1
232 393 0.1
232 425 0.1
232 435 0.1
232 457 0.1
232 463 0.1
232 471 0.1
232 495 0.1
232 505 0.1
232 525 0.1
233 297 0.1
233 328 0.1
233 334 0.1
233 355 0.1
233 408 0.1
233 454 0.1
233 482 0.1
233 523 0.1
234 249 0.1
234 258 0.1
234 267 0.1
234 270 0.1
234 271 0.1
234 274 0.1
234 280 0.1
234 281 0.1
234 282 0.1
234 284 0.1
234 293 0.1
234 302 0.1
234 305 0.1
234 307 0.1
234 320 0.1
234 329 0.1
234 334 0.1
234 338 0.1
234 349 0.1
234 353 0.1
234 375 0.1
234 382 0.1
234 386 0.1
234 398 0.1
234 400 0.1
234 409 0.1
234 412 0.1
234 419 0.1
234 422 0.1
234 423 0.1
234 434 0.1
234 444 0.1
234 448 0.1
234 456 0.1
234 459 0.1
234 461 0.1
234 462 0.1
234 489 0.1
234 494 0.1
234 498 0.1
234 510 0.1
234 513 0.1
234 515 0.1
234 525 0.1
235 322 0.1
235 360 0.1
235 390 0.1
235 422 0.1
235 432 0.1
235 448 0.1
236 241 0.1
236 253 0.1
236 258 0.1
236 270 0.1
236 271 0.1
236 274 0.1
236 280 0.1
236 282 0.1
236 293 0.1
236 298 0.1
236 301 0.1
236 307 0.1
236 308 0.1
236 313 0.1
236 315 0.1
236 319 0.1
236 321 0.1
236 323 0.1
236 332 0.1
236 334 0.1
236 335 0.1
236 346 0.1
236 349 0.1
236 351 0.1
236 369 0.1
236 376 0.1
236 386 0.1
236 393 0.1
236 394 0.1
236 400 0.1
236 406 0.1
236 409 0.1
236 412 0.1
236 416 0.1
236 417 0.1
236 419 0.1
236 422 0.1
236 424 0.1
236 425 0.1
236 436 0.1
236 437 0.1
236 444 0.1
236 446 0.1
236 456 0.1
236 459 0.1
236 461 0.1
236 462 0.1
236 464 0.1
236 466 0.1
236 481 0.1
236 486 0.1
236 489 0.1
236 492 0.1
236 497 0.1
236 498 0.1
236 505 0.1
236 515 0.1
236 525 0.1
237 273 0.1
237 286 0.1
237 299 0.1
237 348 0.1
237 362 0.1
237 364 0.1
237 465 0.1
238 252 0.1
238 290 0.1
238 303 0.1
239 242 0.1
239 316 0.1
239 367 0.1
239 396 0.1
239 410 0.1
239 497 0.1
239 524 0.1
240 338 0.1
240 356 0.1
240 359 0.1
240 425 0.1
240 457 0.1
240 463 0.1
240 471 0.1
241 254 0.1
241 256 0.1
241 258 0.1
241 270 0.1
241 271 0.1
241 278 0.1
241 279 0.1
241 280 0.1
241 282 0.1
241 293 0.1
241 298 0.1
241 301 0.1
241 305 0.1
241 307 0.1
241 323 0.1
241 329 0.1
241 332 0.1
241 334 0.1
241 347 0.1
241 349 0.1
241 356 0.1
241 391 0.1
241 393 0.1
241 404 0.1
241 412 0.1
241 416 0.1
241 419 0.1
241 424 0.1
241 436 0.1
241 442 0.1
241 444 0.1
241 446 0.1
241 459 0.1
241 461 0.1
241 471 0.1
241 475 0.1
241 486 0.1
241 489 0.1
241 497 0.1
241 498 0.1
241 502 0.1
241 510 0.1
242 257 0.1
242 396 0.1
242 399 0.1
242 430 0.1
242 499 0.1
242 504 0.1
243 248 0.1
243 269 0.1
243 308 0.1
243 315 0.1
243 319 0.1
243 327 0.1
243 365 0.1
243 372 0.1
243 418 0.1
243 421 0.1
243 428 0.1
243 445 0.1
243 455 0.1
243 474 0.1
243 481 0.1
243 496 0.1
244 251 0.1
244 309 0.1
244 476 0.1
245 251 0.1
245 259 0.1
245 289 0.1
245 291 0.1
245 309 0.1
245 438 0.1
245 449 0.1
246 256 0.1
246 263 0.1
246 311 0.1
246 316 0.1
246 339 0.1
246 394 0.1
246 441 0.1
247 260 0.1
247 308 0.1
247 315 0.1
247 319 0.1
247 326 0.1
247 474 0.1
247 511 0.1
247 512 0.1
248 262 0.1
248 298 0.1
248 308 0.1
248 315 0.1
248 319 0.1
248 341 0.1
248 447 0.1
248 474 0.1
248 498 0.1
249 258 0.1
249 270 0.1
249 274 0.1
249 282 0.1
249 284 0.1
249 293 0.1
249 298 0.1
249 302 0.1
249 305 0.1
249 307 0.1
249 308 0.1
249 320 0.1
249 346 0.1
249 349 0.1
249 353 0.1
249 375 0.1
249 376 0.1
249 382 0.1
249 386 0.1
249 398 0.1
249 400 0.1
249 409 0.1
249 423 0.1
249 426 0.1
249 434 0.1
249 444 0.1
249 456 0.1
249 461 0.1
249 462 0.1
249 466 0.1
249 492 0.1
249 494 0.1
249 498 0.1
249 513 0.1
249 525 0.1
251 260 0.1
251 267 0.1
251 270 0.1
251 283 0.1
251 305 0.1
251 307 0.1
251 309 0.1
251 342 0.1
251 358 0.1
251 359 0.1
251 360 0.1
251 383 0.1
251 387 0.1
251 396 0.1
251 416 0.1
251 426 0.1
251 427 0.1
251 443 0.1
251 454 0.1
251 464 0.1
251 476 0.1
251 491 0.1
251 502 0.1
252 290 0.1
252 303 0.1
253 267 0.1
253 346 0.1
253 433 0.1
253 439 0.1
253 468 0.1
253 498 0.1
254 256 0.1
254 258 0.1
254 270 0.1
254 278 0.1
254 280 0.1
254 281 0.1
254 282 0.1
254 293 0.1
254 296 0.1
254 301 0.1
254 305 0.1
254 307 0.1
254 323 0.1
254 329 0.1
254 332 0.1
254 334 0.1
254 347 0.1
254 349 0.1
254 351 0.1
254 353 0.1
254 370 0.1
254 391 0.1
254 394 0.1
254 395 0.1
254 404 0.1
254 406 0.1
254 411 0.1
254 412 0.1
254 413 0.1
254 416 0.1
254 418 0.1
254 419 0.1
254 422 0.1
254 424 0.1
254 433 0.1
254 436 0.1
254 446 0.1
254 459 0.1
254 461 0.1
254 464 0.1
254 475 0.1
254 485 0.1
254 486 0.1
254 489 0.1
254 497 0.1
254 498 0.1
254 502 0.1
254 510 0.1
254 518 0.1
254 525 0.1
255 260 0.1
255 264 0.1
255 272 0.1
255 283 0.1
255 288 0.1
255 308 0.1
255 315 0.1
255 319 0.1
255 326 0.1
255 327 0.1
255 350 0.1
255 354 0.1
255 368 0.1
255 372 0.1
255 377 0.1
255 379 0.1
255 387 0.1
255 396 0.1
255 405 0.1
255 415 0.1
255 421 0.1
255 454 0.1
255 467 0.1
255 472 0.1
255 474 0.1
255 479 0.1
255 481 0.1
255 509 0.1
255 511 0.1
255 512 0.1
255 516 0.1
256 313 0.1
256 323 0.1
256 329 0.1
256 332 0.1
256 391 0.1
256 395 0.1
256 417 0.1
256 436 0.1
256 446 0.1
256 461 0.1
256 462 0.1
256 492 0.1
256 497 0.1
256 510 0.1
256 525 0.1
257 297 0.1
257 344 0.1
257 355 0.1
257 392 0.1
257 396 0.1
257 399 0.1
257 430 0.1
257 453 0.1
257 473 0.1
257 499 0.1
257 504 0.1
258 270 0.1
258 274 0.1
258 280 0.1
258 281 0.1
258 282 0.1
258 284 0.1
258 293 0.1
258 298 0.1
258 301 0.1
258 302 0.1
258 304 0.1
258 305 0.1
258 307 0.1
258 320 0.1
258 323 0.1
258 332 0.1
258 334 0.1
258 341 0.1
258 346 0.1
258 349 0.1
258 350 0.1
258 351 0.1
258 353 0.1
258 369 0.1
258 375 0.1
258 376 0.1
258 382 0.1
258 386 0.1
258 393 0.1
258 398 0.1
258 400 0.1
258 404 0.1
258 409 0.1
258 412 0.1
258 419 0.1
258 423 0.1
258 425 0.1
258 428 0.1
258 434 0.1
258 436 0.1
258 437 0.1
258 444 0.1
258 446 0.1
258 448 0.1
258 454 0.1
258 456 0.1
258 457 0.1
258 459 0.1
258 461 0.1
258 462 0.1
258 466 0.1
258 468 0.1
258 486 0.1
258 489 0.1
258 492 0.1
258 494 0.1
258 497 0.1
258 498 0.1
258 505 0.1
258 508 0.1
258 510 0.1
258 513 0.1
258 515 0.1
258 517 0.1
258 525 0.1
259 289 0.1
259 291 0.1
259 438 0.1
260 272 0.1
260 296 0.1
260 308 0.1
260 315 0.1
260 319 0.1
260 326 0.1
260 327 0.1
260 354 0.1
260 372 0.1
260 377 0.1
260 396 0.1
260 415 0.1
260 421 0.1
260 458 0.1
260 467 0.1
260 474 0.1
260 479 0.1
260 487 0.1
260 509 0.1
260 511 0.1
260 516 0.1
261 275 0.1
261 296 0.1
261 336 0.1
261 344 0.1
261 365 0.1
261 374 0.1
261 384 0.1
261 387 0.1
261 389 0.1
261 390 0.1
261 397 0.1
261 418 0.1
261 422 0.1
261 425 0.1
261 433 0.1
261 437 0.1
261 441 0.1
261 450 0.1
261 451 0.1
261 469 0.1
261 473 0.1
261 477 0.1
261 491 0.1
261 496 0.1
261 503 0.1
261 505 0.1
261 521 0.1
262 282 0.1
262 355 0.1
262 404 0.1
262 412 0.1
262 419 0.1
262 424 0.1
263 270 0.1
263 274 0.1
263 276 0.1
263 282 0.1
263 283 0.1
263 284 0.1
263 313 0.1
263 338 0.1
263 343 0.1
263 356 0.1
263 359 0.1
263 376 0.1
263 386 0.1
263 393 0.1
263 396 0.1
263 416 0.1
263 425 0.1
263 435 0.1
263 437 0.1
263 446 0.1
263 456 0.1
263 457 0.1
263 466 0.1
263 471 0.1
263 495 0.1
263 498 0.1
263 502 0.1
263 505 0.1
265 308 0.1
265 322 0.1
265 327 0.1
265 351 0.1
265 406 0.1
265 419 0.1
265 454 0.1
265 468 0.1
265 488 0.1
266 301 0.1
266 351 0.1
266 400 0.1
267 270 0.1
267 275 0.1
267 287 0.1
267 296 0.1
267 305 0.1
267 311 0.1
267 327 0.1
267 360 0.1
267 361 0.1
267 374 0.1
267 406 0.1
267 407 0.1
267 411 0.1
267 425 0.1
267 426 0.1
267 443 0.1
267 452 0.1
267 454 0.1
267 457 0.1
267 471 0.1
268 378 0.1
268 443 0.1
268 460 0.1
268 477 0.1
269 278 0.1
269 283 0.1
269 301 0.1
269 308 0.1
269 315 0.1
269 319 0.1
269 329 0.1
269 332 0.1
269 372 0.1
269 421 0.1
269 436 0.1
269 450 0.1
269 458 0.1
269 461 0.1
269 474 0.1
270 271 0.1
270 274 0.1
270 277 0.1
270 280 0.1
270 281 0.1
270 282 0.1
270 284 0.1
270 293 0.1
270 298 0.1
270 301 0.1
270 302 0.1
270 305 0.1
270 307 0.1
270 309 0.1
270 320 0.1
270 329 0.1
270 332 0.1
270 334 0.1
270 338 0.1
270 346 0.1
270 349 0.1
270 353 0.1
270 360 0.1
270 369 0.1
270 370 0.1
270 375 0.1
270 376 0.1
270 382 0.1
270 386 0.1
270 387 0.1
270 394 0.1
270 398 0.1
270 400 0.1
270 409 0.1
270 412 0.1
270 417 0.1
270 419 0.1
270 422 0.1
270 423 0.1
270 426 0.1
270 434 0.1
270 436 0.1
270 444 0.1
270 446 0.1
270 448 0.1
270 456 0.1
270 459 0.1
270 461 0.1
270 462 0.1
270 464 0.1
270 466 0.1
270 471 0.1
270 474 0.1
270 481 0.1
270 489 0.1
270 491 0.1
270 494 0.1
270 498 0.1
270 502 0.1
270 505 0.1
270 510 0.1
270 513 0.1
270 515 0.1
270 525 0.1
271 282 0.1
271 293 0.1
271 301 0.1
271 302 0.1
271 305 0.1
271 307 0.1
271 320 0.1
271 329 0.1
271 334 0.1
271 349 0.1
271 375 0.1
271 382 0.1
271 386 0.1
271 398 0.1
271 400 0.1
271 409 0.1
271 412 0.1
271 423 0.1
271 436 0.1
271 444 0.1
271 456 0.1
271 459 0.1
271 462 0.1
271 513 0.1
271 525 0.1
272 296 0.1
272 305 0.1
272 326 0.1
272 354 0.1
272 377 0.1
272 415 0.1
272 470 0.1
272 479 0.1
272 509 0.1
272 511 0.1
272 516 0.1
273 286 0.1
273 299 0.1
273 348 0.1
273 364 0.1
273 385 0.1
273 465 0.1
274 282 0.1
274 284 0.1
274 302 0.1
274 308 0.1
274 313 0.1
274 320 0.1
274 341 0.1
274 346 0.1
274 349 0.1
274 350 0.1
274 369 0.1
274 375 0.1
274 376 0.1
274 382 0.1
274 386 0.1
274 400 0.1
274 419 0.1
274 425 0.1
274 435 0.1
274 436 0.1
274 437 0.1
274 444 0.1
274 446 0.1
274 454 0.1
274 456 0.1
274 457 0.1
274 466 0.1
274 492 0.1
274 494 0.1
274 498 0.1
274 505 0.1
274 513 0.1
274 525 0.1
275 308 0.1
275 335 0.1
275 336 0.1
275 346 0.1
275 361 0.1
275 365 0.1
275 378 0.1
275 381 0.1
275 396 0.1
275 407 0.1
275 417 0.1
275 419 0.1
275 433 0.1
275 439 0.1
275 444 0.1
275 450 0.1
275 452 0.1
275 453 0.1
275 454 0.1
275 455 0.1
275 487 0.1
275 496 0.1
275 502 0.1
275 517 0.1
276 338 0.1
276 359 0.1
276 393 0.1
276 425 0.1
276 457 0.1
276 471 0.1
276 512 0.1
277 297 0.1
277 328 0.1
277 426 0.1
277 433 0.1
277 441 0.1
277 477 0.1
277 482 0.1
277 502 0.1
277 517 0.1
278 283 0.1
278 296 0.1
278 301 0.1
278 305 0.1
278 311 0.1
278 323 0.1
278 334 0.1
278 339 0.1
278 365 0.1
278 369 0.1
278 370 0.1
278 376 0.1
278 387 0.1
278 394 0.1
278 406 0.1
278 411 0.1
278 412 0.1
278 416 0.1
278 424 0.1
278 426 0.1
278 436 0.1
278 454 0.1
278 461 0.1
278 464 0.1
278 485 0.1
278 486 0.1
278 496 0.1
278 497 0.1
278 502 0.1
278 512 0.1
278 518 0.1
278 525 0.1
279 323 0.1
279 334 0.1
279 412 0.1
279 424 0.1
279 486 0.1
279 518 0.1
280 281 0.1
280 284 0.1
280 293 0.1
280 301 0.1
280 304 0.1
280 315 0.1
280 320 0.1
280 329 0.1
280 332 0.1
280 346 0.1
280 349 0.1
280 351 0.1
280 386 0.1
280 394 0.1
280 400 0.1
280 404 0.1
280 409 0.1
280 412 0.1
280 419 0.1
280 423 0.1
280 424 0.1
280 425 0.1
280 436 0.1
280 439 0.1
280 441 0.1
280 448 0.1
280 459 0.1
280 461 0.1
280 462 0.1
280 474 0.1
280 485 0.1
280 486 0.1
280 489 0.1
280 494 0.1
280 515 0.1
280 525 0.1
281 282 0.1
281 287 0.1
281 293 0.1
281 305 0.1
281 307 0.1
281 329 0.1
281 332 0.1
281 334 0.1
281 346 0.1
281 349 0.1
281 369 0.1
281 382 0.1
281 386 0.1
281 392 0.1
281 398 0.1
281 412 0.1
281 417 0.1
281 419 0.1
281 426 0.1
281 448 0.1
281 454 0.1
281 456 0.1
281 461 0.1
281 462 0.1
281 486 0.1
281 497 0.1
281 498 0.1
281 510 0.1
281 515 0.1
281 518 0.1
281 525 0.1
282 284 0.1
282 293 0.1
282 302 0.1
282 304 0.1
282 305 0.1
282 307 0.1
282 320 0.1
282 321 0.1
282 329 0.1
282 332 0.1
282 334 0.1
282 338 0.1
282 346 0.1
282 349 0.1
282 353 0.1
282 359 0.1
282 360 0.1
282 375 0.1
282 382 0.1
282 386 0.1
282 391 0.1
282 394 0.1
282 398 0.1
282 400 0.1
282 404 0.1
282 412 0.1
282 419 0.1
282 422 0.1
282 423 0.1
282 424 0.1
282 426 0.1
282 428 0.1
282 436 0.1
282 437 0.1
282 444 0.1
282 446 0.1
282 448 0.1
282 456 0.1
282 459 0.1
282 461 0.1
282 462 0.1
282 471 0.1
282 489 0.1
282 494 0.1
282 497 0.1
282 498 0.1
282 510 0.1
282 513 0.1
282 514 0.1
282 515 0.1
282 518 0.1
282 523 0.1
282 525 0.1
283 301 0.1
283 313 0.1
283 315 0.1
283 319 0.1
283 323 0.1
283 372 0.1
283 396 0.1
283 416 0.1
283 421 0.1
283 436 0.1
283 446 0.1
283 464 0.1
283 474 0.1
283 485 0.1
283 487 0.1
283 492 0.1
283 497 0.1
283 502 0.1
283 511 0.1
284 293 0.1
284 302 0.1
284 305 0.1
284 308 0.1
284 320 0.1
284 341 0.1
284 346 0.1
284 349 0.1
284 353 0.1
284 354 0.1
284 369 0.1
284 375 0.1
284 376 0.1
284 382 0.1
284 386 0.1
284 400 0.1
284 409 0.1
284 412 0.1
284 419 0.1
284 423 0.1
284 425 0.1
284 434 0.1
284 436 0.1
284 437 0.1
284 444 0.1
284 448 0.1
284 454 0.1
284 456 0.1
284 457 0.1
284 461 0.1
284 462 0.1
284 466 0.1
284 489 0.1
284 494 0.1
284 498 0.1
284 505 0.1
284 513 0.1
284 515 0.1
284 525 0.1
286 299 0.1
286 348 0.1
286 364 0.1
286 465 0.1
287 324 0.1
287 334 0.1
287 344 0.1
287 352 0.1
287 361 0.1
287 390 0.1
287 432 0.1
287 448 0.1
287 473 0.1
287 488 0.1
287 495 0.1
287 514 0.1
287 515 0.1
289 291 0.1
289 438 0.1
289 449 0.1
290 303 0.1
291 438 0.1
291 449 0.1
292 330 0.1
292 331 0.1
292 385 0.1
292 480 0.1
293 301 0.1
293 302 0.1
293 305 0.1
293 307 0.1
293 308 0.1
293 320 0.1
293 329 0.1
293 334 0.1
293 338 0.1
293 349 0.1
293 353 0.1
293 359 0.1
293 375 0.1
293 382 0.1
293 386 0.1
293 387 0.1
293 393 0.1
293 398 0.1
293 400 0.1
293 409 0.1
293 412 0.1
293 417 0.1
293 419 0.1
293 422 0.1
293 423 0.1
293 434 0.1
293 436 0.1
293 437 0.1
293 444 0.1
293 446 0.1
293 448 0.1
293 456 0.1
293 459 0.1
293 461 0.1
293 462 0.1
293 466 0.1
293 489 0.1
293 494 0.1
293 497 0.1
293 498 0.1
293 510 0.1
293 513 0.1
293 515 0.1
293 525 0.1
294 372 0.1
294 405 0.1
294 474 0.1
296 322 0.1
296 336 0.1
296 339 0.1
296 344 0.1
296 346 0.1
296 360 0.1
296 365 0.1
296 372 0.1
296 387 0.1
296 390 0.1
296 392 0.1
296 397 0.1
296 411 0.1
296 414 0.1
296 441 0.1
296 444 0.1
296 445 0.1
296 448 0.1
296 450 0.1
296 452 0.1
296 453 0.1
296 473 0.1
296 477 0.1
296 487 0.1
296 491 0.1
296 496 0.1
296 508 0.1
296 515 0.1
297 307 0.1
297 328 0.1
297 355 0.1
297 358 0.1
297 411 0.1
297 429 0.1
297 482 0.1
298 301 0.1
298 308 0.1
298 314 0.1
298 327 0.1
298 329 0.1
298 332 0.1
298 343 0.1
298 350 0.1
298 360 0.1
298 365 0.1
298 370 0.1
298 376 0.1
298 389 0.1
298 407 0.1
298 409 0.1
298 419 0.1
298 426 0.1
298 433 0.1
298 436 0.1
298 437 0.1
298 445 0.1
298 448 0.1
298 453 0.1
298 454 0.1
298 457 0.1
298 464 0.1
298 471 0.1
298 486 0.1
298 487 0.1
298 488 0.1
298 492 0.1
298 495 0.1
298 498 0.1
298 505 0.1
299 348 0.1
299 362 0.1
299 364 0.1
299 403 0.1
299 465 0.1
300 315 0.1
300 360 0.1
300 373 0.1
300 389 0.1
300 442 0.1
300 458 0.1
300 471 0.1
300 523 0.1
301 320 0.1
301 323 0.1
301 332 0.1
301 334 0.1
301 347 0.1
301 349 0.1
301 351 0.1
301 353 0.1
301 389 0.1
301 393 0.1
301 394 0.1
301 400 0.1
301 406 0.1
301 409 0.1
301 412 0.1
301 416 0.1
301 419 0.1
301 423 0.1
301 436 0.1
301 444 0.1
301 446 0.1
301 459 0.1
301 461 0.1
301 462 0.1
301 485 0.1
301 486 0.1
301 489 0.1
301 491 0.1
301 492 0.1
301 497 0.1
301 502 0.1
301 515 0.1
301 518 0.1
302 307 0.1
302 320 0.1
302 346 0.1
302 349 0.1
302 353 0.1
302 375 0.1
302 382 0.1
302 386 0.1
302 398 0.1
302 400 0.1
302 409 0.1
302 417 0.1
302 419 0.1
302 423 0.1
302 426 0.1
302 434 0.1
302 444 0.1
302 448 0.1
302 456 0.1
302 459 0.1
302 462 0.1
302 489 0.1
302 490 0.1
302 498 0.1
302 513 0.1
302 515 0.1
302 525 0.1
304 361 0.1
304 378 0.1
304 388 0.1
304 404 0.1
304 412 0.1
304 424 0.1
304 428 0.1
304 441 0.1
304 445 0.1
304 471 0.1
304 486 0.1
304 489 0.1
304 502 0.1
304 510 0.1
304 518 0.1
304 525 0.1
305 306 0.1
305 307 0.1
305 308 0.1
305 320 0.1
305 329 0.1
305 334 0.1
305 338 0.1
305 346 0.1
305 349 0.1
305 368 0.1
305 382 0.1
305 386 0.1
305 387 0.1
305 398 0.1
305 400 0.1
305 404 0.1
305 409 0.1
305 412 0.1
305 419 0.1
305 422 0.1
305 423 0.1
305 426 0.1
305 443 0.1
305 444 0.1
305 446 0.1
305 448 0.1
305 454 0.1
305 456 0.1
305 459 0.1
305 461 0.1
305 462 0.1
305 471 0.1
305 489 0.1
305 498 0.1
305 505 0.1
305 508 0.1
305 510 0.1
305 515 0.1
306 360 0.1
306 432 0.1
306 440 0.1
306 441 0.1
306 505 0.1
306 508 0.1
306 523 0.1
307 320 0.1
307 323 0.1
307 332 0.1
307 334 0.1
307 338 0.1
307 342 0.1
307 346 0.1
307 349 0.1
307 351 0.1
307 373 0.1
307 375 0.1
307 382 0.1
307 386 0.1
307 391 0.1
307 398 0.1
307 406 0.1
307 412 0.1
307 417 0.1
307 419 0.1
307 422 0.1
307 423 0.1
307 433 0.1
307 436 0.1
307 443 0.1
307 444 0.1
307 446 0.1
307 448 0.1
307 459 0.1
307 461 0.1
307 462 0.1
307 464 0.1
307 481 0.1
307 486 0.1
307 497 0.1
307 498 0.1
307 510 0.1
307 515 0.1
307 525 0.1
308 313 0.1
308 315 0.1
308 319 0.1
308 327 0.1
308 329 0.1
308 338 0.1
308 341 0.1
308 354 0.1
308 368 0.1
308 372 0.1
308 376 0.1
308 386 0.1
308 387 0.1
308 390 0.1
308 409 0.1
308 417 0.1
308 419 0.1
308 421 0.1
308 437 0.1
308 447 0.1
308 456 0.1
308 458 0.1
308 466 0.1
308 474 0.1
308 478 0.1
308 479 0.1
308 487 0.1
308 488 0.1
308 492 0.1
308 494 0.1
308 498 0.1
308 510 0.1
308 511 0.1
308 512 0.1
308 525 0.1
309 476 0.1
310 336 0.1
310 389 0.1
310 390 0.1
310 397 0.1
310 473 0.1
310 477 0.1
310 491 0.1
311 436 0.1
311 441 0.1
311 442 0.1
311 454 0.1
311 461 0.1
311 523 0.1
312 319 0.1
312 421 0.1
312 504 0.1
313 335 0.1
313 376 0.1
313 424 0.1
313 456 0.1
313 461 0.1
313 466 0.1
313 471 0.1
313 492 0.1
313 498 0.1
314 326 0.1
314 370 0.1
314 380 0.1
315 319 0.1
315 326 0.1
315 327 0.1
315 341 0.1
315 350 0.1
315 354 0.1
315 372 0.1
315 389 0.1
315 405 0.1
315 415 0.1
315 421 0.1
315 426 0.1
315 428 0.1
315 445 0.1
315 447 0.1
315 458 0.1
315 467 0.1
315 470 0.1
315 474 0.1
315 487 0.1
315 511 0.1
315 512 0.1
316 396 0.1
317 455 0.1
318 327 0.1
318 357 0.1
318 374 0.1
318 389 0.1
318 390 0.1
318 473 0.1
318 477 0.1
318 491 0.1
319 326 0.1
319 327 0.1
319 329 0.1
319 341 0.1
319 354 0.1
319 372 0.1
319 405 0.1
319 421 0.1
319 445 0.1
319 458 0.1
319 474 0.1
319 487 0.1
319 504 0.1
319 511 0.1
319 512 0.1
320 329 0.1
320 346 0.1
320 349 0.1
320 375 0.1
320 382 0.1
320 386 0.1
320 398 0.1
320 400 0.1
320 409 0.1
320 412 0.1
320 419 0.1
320 423 0.1
320 434 0.1
320 444 0.1
320 448 0.1
320 456 0.1
320 462 0.1
320 489 0.1
320 491 0.1
320 494 0.1
320 498 0.1
320 513 0.1
320 515 0.1
320 525 0.1
321 323 0.1
321 334 0.1
321 358 0.1
321 412 0.1
321 419 0.1
321 424 0.1
321 436 0.1
321 446 0.1
321 459 0.1
321 461 0.1
321 485 0.1
321 486 0.1
321 497 0.1
321 525 0.1
322 355 0.1
322 360 0.1
322 432 0.1
322 503 0.1
322 523 0.1
323 329 0.1
323 332 0.1
323 334 0.1
323 346 0.1
323 347 0.1
323 349 0.1
323 351 0.1
323 370 0.1
323 391 0.1
323 394 0.1
323 404 0.1
323 406 0.1
323 412 0.1
323 416 0.1
323 419 0.1
323 422 0.1
323 424 0.1
323 433 0.1
323 436 0.1
323 446 0.1
323 459 0.1
323 461 0.1
323 462 0.1
323 464 0.1
323 485 0.1
323 486 0.1
323 489 0.1
323 497 0.1
323 502 0.1
323 510 0.1
323 518 0.1
323 525 0.1
324 357 0.1
324 366 0.1
324 448 0.1
324 489 0.1
324 514 0.1
324 523 0.1
325 338 0.1
325 343 0.1
326 354 0.1
326 368 0.1
326 370 0.1
326 372 0.1
326 377 0.1
326 415 0.1
326 421 0.1
326 467 0.1
326 474 0.1
326 511 0.1
326 516 0.1
327 335 0.1
327 350 0.1
327 351 0.1
327 354 0.1
327 372 0.1
327 377 0.1
327 405 0.1
327 415 0.1
327 419 0.1
327 421 0.1
327 474 0.1
327 488 0.1
327 511 0.1
327 512 0.1
327 516 0.1
328 355 0.1
328 358 0.1
328 421 0.1
328 429 0.1
328 468 0.1
328 482 0.1
328 502 0.1
328 512 0.1
329 332 0.1
329 334 0.1
329 338 0.1
329 349 0.1
329 352 0.1
329 382 0.1
329 387 0.1
329 391 0.1
329 394 0.1
329 395 0.1
329 398 0.1
329 412 0.1
329 422 0.1
329 423 0.1
329 424 0.1
329 446 0.1
329 461 0.1
329 462 0.1
329 497 0.1
329 498 0.1
329 510 0.1
329 525 0.1
330 331 0.1
330 385 0.1
330 480 0.1
331 385 0.1
331 480 0.1
332 334 0.1
332 346 0.1
332 351 0.1
332 370 0.1
332 391 0.1
332 394 0.1
332 395 0.1
332 404 0.1
332 406 0.1
332 412 0.1
332 417 0.1
332 419 0.1
332 423 0.1
332 424 0.1
332 436 0.1
332 446 0.1
332 461 0.1
332 462 0.1
332 464 0.1
332 486 0.1
332 492 0.1
332 497 0.1
332 498 0.1
332 510 0.1
332 525 0.1
334 346 0.1
334 349 0.1
334 370 0.1
334 394 0.1
334 400 0.1
334 404 0.1
334 406 0.1
334 409 0.1
334 410 0.1
334 412 0.1
334 416 0.1
334 423 0.1
334 436 0.1
334 448 0.1
334 454 0.1
334 459 0.1
334 461 0.1
334 462 0.1
334 471 0.1
334 485 0.1
334 486 0.1
334 491 0.1
334 497 0.1
334 502 0.1
334 508 0.1
334 510 0.1
334 515 0.1
334 518 0.1
334 525 0.1
335 341 0.1
335 372 0.1
335 381 0.1
335 421 0.1
335 436 0.1
335 461 0.1
335 492 0.1
336 344 0.1
336 376 0.1
336 384 0.1
336 387 0.1
336 389 0.1
336 390 0.1
336 397 0.1
336 450 0.1
336 473 0.1
336 477 0.1
336 491 0.1
336 501 0.1
336 503 0.1
336 507 0.1
336 520 0.1
337 526 0.1
337 527 0.1
337 528 0.1
337 530 0.1
337 531 0.1
338 343 0.1
338 349 0.1
338 353 0.1
338 356 0.1
338 359 0.1
338 382 0.1
338 386 0.1
338 387 0.1
338 393 0.1
338 398 0.1
338 409 0.1
338 412 0.1
338 425 0.1
338 428 0.1
338 436 0.1
338 457 0.1
338 463 0.1
338 471 0.1
338 510 0.1
338 525 0.1
339 346 0.1
339 365 0.1
339 392 0.1
339 445 0.1
339 477 0.1
339 496 0.1
339 505 0.1
339 512 0.1
340 366 0.1
340 383 0.1
340 407 0.1
340 441 0.1
340 453 0.1
340 490 0.1
341 350 0.1
341 368 0.1
341 372 0.1
341 376 0.1
341 391 0.1
341 419 0.1
341 433 0.1
341 436 0.1
341 456 0.1
341 466 0.1
341 470 0.1
341 474 0.1
341 487 0.1
341 495 0.1
341 511 0.1
341 525 0.1
342 346 0.1
342 406 0.1
342 464 0.1
342 491 0.1
342 518 0.1
343 356 0.1
343 359 0.1
343 393 0.1
343 436 0.1
343 471 0.1
343 498 0.1
344 366 0.1
344 374 0.1
344 387 0.1
344 389 0.1
344 390 0.1
344 397 0.1
344 418 0.1
344 441 0.1
344 444 0.1
344 473 0.1
344 477 0.1
344 491 0.1
344 501 0.1
344 502 0.1
344 514 0.1
345 362 0.1
345 369 0.1
345 425 0.1
345 437 0.1
345 454 0.1
345 457 0.1
346 347 0.1
346 349 0.1
346 351 0.1
346 365 0.1
346 386 0.1
346 387 0.1
346 389 0.1
346 392 0.1
346 419 0.1
346 437 0.1
346 444 0.1
346 445 0.1
346 450 0.1
346 454 0.1
346 457 0.1
346 459 0.1
346 462 0.1
346 464 0.1
346 487 0.1
346 491 0.1
346 495 0.1
346 496 0.1
346 498 0.1
346 510 0.1
346 515 0.1
346 518 0.1
346 525 0.1
347 392 0.1
347 412 0.1
347 436 0.1
347 444 0.1
347 445 0.1
347 450 0.1
347 469 0.1
347 486 0.1
347 525 0.1
348 362 0.1
348 364 0.1
348 465 0.1
349 351 0.1
349 353 0.1
349 375 0.1
349 382 0.1
349 386 0.1
349 394 0.1
349 398 0.1
349 400 0.1
349 404 0.1
349 409 0.1
349 412 0.1
349 419 0.1
349 422 0.1
349 423 0.1
349 434 0.1
349 436 0.1
349 444 0.1
349 456 0.1
349 459 0.1
349 461 0.1
349 462 0.1
349 466 0.1
349 471 0.1
349 486 0.1
349 489 0.1
349 494 0.1
349 498 0.1
349 505 0.1
349 510 0.1
349 513 0.1
349 515 0.1
349 525 0.1
350 355 0.1
350 357 0.1
350 369 0.1
350 372 0.1
350 376 0.1
350 407 0.1
350 419 0.1
350 425 0.1
350 433 0.1
350 437 0.1
350 454 0.1
350 457 0.1
350 474 0.1
350 496 0.1
350 505 0.1
350 517 0.1
351 400 0.1
351 409 0.1
351 412 0.1
351 419 0.1
351 422 0.1
351 423 0.1
351 426 0.1
351 436 0.1
351 437 0.1
351 454 0.1
351 459 0.1
351 462 0.1
351 471 0.1
351 486 0.1
351 515 0.1
351 525 0.1
352 378 0.1
352 380 0.1
352 396 0.1
352 408 0.1
352 410 0.1
352 455 0.1
352 477 0.1
353 375 0.1
353 376 0.1
353 382 0.1
353 386 0.1
353 412 0.1
353 419 0.1
353 434 0.1
353 436 0.1
353 456 0.1
353 459 0.1
353 462 0.1
353 466 0.1
353 494 0.1
353 498 0.1
353 513 0.1
353 525 0.1
354 368 0.1
354 372 0.1
354 377 0.1
354 386 0.1
354 405 0.1
354 415 0.1
354 421 0.1
354 461 0.1
354 467 0.1
354 470 0.1
354 474 0.1
354 479 0.1
354 509 0.1
354 511 0.1
354 516 0.1
355 360 0.1
355 510 0.1
355 523 0.1
356 359 0.1
356 393 0.1
356 425 0.1
356 436 0.1
356 457 0.1
356 471 0.1
357 372 0.1
357 426 0.1
357 433 0.1
357 458 0.1
357 474 0.1
357 510 0.1
357 512 0.1
358 361 0.1
358 443 0.1
358 444 0.1
358 458 0.1
358 482 0.1
358 523 0.1
359 376 0.1
359 425 0.1
359 437 0.1
359 448 0.1
359 457 0.1
359 466 0.1
359 471 0.1
359 505 0.1
359 525 0.1
360 365 0.1
360 366 0.1
360 383 0.1
360 384 0.1
360 387 0.1
360 408 0.1
360 411 0.1
360 422 0.1
360 432 0.1
360 440 0.1
360 441 0.1
360 450 0.1
360 454 0.1
360 473 0.1
360 487 0.1
360 490 0.1
360 515 0.1
361 369 0.1
361 375 0.1
361 404 0.1
361 406 0.1
361 412 0.1
361 426 0.1
361 429 0.1
361 448 0.1
363 426 0.1
364 465 0.1
365 389 0.1
365 390 0.1
365 392 0.1
365 444 0.1
365 445 0.1
365 450 0.1
365 452 0.1
365 453 0.1
365 454 0.1
365 473 0.1
365 477 0.1
365 487 0.1
365 491 0.1
365 496 0.1
365 503 0.1
365 508 0.1
365 512 0.1
366 383 0.1
366 384 0.1
366 407 0.1
366 441 0.1
366 458 0.1
366 490 0.1
366 493 0.1
367 380 0.1
367 396 0.1
367 410 0.1
367 452 0.1
368 377 0.1
368 379 0.1
368 415 0.1
368 454 0.1
368 474 0.1
368 479 0.1
368 505 0.1
368 509 0.1
368 511 0.1
368 516 0.1
369 375 0.1
369 376 0.1
369 386 0.1
369 393 0.1
369 400 0.1
369 419 0.1
369 425 0.1
369 433 0.1
369 437 0.1
369 444 0.1
369 454 0.1
369 456 0.1
369 457 0.1
369 462 0.1
369 464 0.1
369 466 0.1
369 471 0.1
369 492 0.1
369 494 0.1
369 498 0.1
369 505 0.1
369 517 0.1
369 525 0.1
370 394 0.1
370 406 0.1
370 413 0.1
370 416 0.1
370 417 0.1
370 436 0.1
370 442 0.1
370 492 0.1
370 497 0.1
370 502 0.1
370 518 0.1
372 376 0.1
372 379 0.1
372 405 0.1
372 415 0.1
372 421 0.1
372 426 0.1
372 448 0.1
372 458 0.1
372 467 0.1
372 470 0.1
372 474 0.1
372 478 0.1
372 487 0.1
372 511 0.1
372 512 0.1
373 412 0.1
373 417 0.1
373 498 0.1
374 387 0.1
374 390 0.1
374 397 0.1
374 470 0.1
374 477 0.1
374 491 0.1
375 376 0.1
375 382 0.1
375 386 0.1
375 398 0.1
375 400 0.1
375 409 0.1
375 419 0.1
375 423 0.1
375 434 0.1
375 436 0.1
375 437 0.1
375 444 0.1
375 456 0.1
375 457 0.1
375 459 0.1
375 462 0.1
375 466 0.1
375 489 0.1
375 494 0.1
375 498 0.1
375 505 0.1
375 513 0.1
375 515 0.1
375 525 0.1
376 382 0.1
376 386 0.1
376 408 0.1
376 419 0.1
376 425 0.1
376 434 0.1
376 435 0.1
376 436 0.1
376 437 0.1
376 444 0.1
376 446 0.1
376 448 0.1
376 453 0.1
376 454 0.1
376 456 0.1
376 457 0.1
376 466 0.1
376 492 0.1
376 494 0.1
376 498 0.1
376 505 0.1
376 513 0.1
376 517 0.1
376 525 0.1
377 415 0.1
377 479 0.1
377 509 0.1
377 511 0.1
377 516 0.1
378 406 0.1
378 443 0.1
378 510 0.1
379 381 0.1
380 396 0.1
380 410 0.1
380 502 0.1
381 407 0.1
381 421 0.1
381 437 0.1
382 386 0.1
382 398 0.1
382 409 0.1
382 412 0.1
382 419 0.1
382 422 0.1
382 423 0.1
382 434 0.1
382 444 0.1
382 448 0.1
382 456 0.1
382 459 0.1
382 462 0.1
382 466 0.1
382 489 0.1
382 494 0.1
382 498 0.1
382 513 0.1
382 515 0.1
382 525 0.1
383 406 0.1
383 433 0.1
383 441 0.1
383 471 0.1
383 490 0.1
383 493 0.1
383 496 0.1
383 519 0.1
383 523 0.1
384 458 0.1
384 517 0.1
385 480 0.1
386 398 0.1
386 400 0.1
386 409 0.1
386 412 0.1
386 419 0.1
386 423 0.1
386 425 0.1
386 434 0.1
386 436 0.1
386 437 0.1
386 444 0.1
386 448 0.1
386 454 0.1
386 456 0.1
386 457 0.1
386 459 0.1
386 462 0.1
386 466 0.1
386 489 0.1
386 491 0.1
386 494 0.1
386 498 0.1
386 505 0.1
386 510 0.1
386 513 0.1
386 515 0.1
386 525 0.1
387 389 0.1
387 390 0.1
387 397 0.1
387 418 0.1
387 441 0.1
387 457 0.1
387 477 0.1
387 491 0.1
387 503 0.1
387 510 0.1
387 523 0.1
388 404 0.1
388 412 0.1
388 455 0.1
388 508 0.1
388 510 0.1
389 390 0.1
389 397 0.1
389 477 0.1
389 491 0.1
390 396 0.1
390 397 0.1
390 406 0.1
390 432 0.1
390 451 0.1
390 469 0.1
390 473 0.1
390 477 0.1
390 484 0.1
390 491 0.1
390 495 0.1
390 498 0.1
390 500 0.1
390 501 0.1
390 514 0.1
390 520 0.1
390 521 0.1
390 522 0.1
391 395 0.1
391 406 0.1
391 419 0.1
391 425 0.1
391 436 0.1
391 446 0.1
391 454 0.1
391 461 0.1
391 471 0.1
391 497 0.1
391 510 0.1
391 525 0.1
392 396 0.1
392 408 0.1
392 444 0.1
392 450 0.1
392 473 0.1
392 477 0.1
392 488 0.1
392 496 0.1
392 503 0.1
393 416 0.1
393 417 0.1
393 420 0.1
393 424 0.1
393 425 0.1
393 457 0.1
393 471 0.1
393 492 0.1
393 505 0.1
394 395 0.1
394 406 0.1
394 412 0.1
394 416 0.1
394 419 0.1
394 424 0.1
394 436 0.1
394 446 0.1
394 448 0.1
394 461 0.1
394 485 0.1
394 486 0.1
394 497 0.1
394 498 0.1
394 502 0.1
394 518 0.1
394 525 0.1
395 416 0.1
395 446 0.1
395 461 0.1
395 497 0.1
395 510 0.1
396 399 0.1
396 410 0.1
396 411 0.1
396 416 0.1
396 430 0.1
396 499 0.1
396 502 0.1
396 504 0.1
396 505 0.1
397 450 0.1
397 469 0.1
397 473 0.1
397 477 0.1
397 491 0.1
397 501 0.1
397 503 0.1
398 400 0.1
398 409 0.1
398 412 0.1
398 423 0.1
398 434 0.1
398 462 0.1
398 498 0.1
398 513 0.1
398 515 0.1
399 430 0.1
399 499 0.1
399 504 0.1
400 402 0.1
400 409 0.1
400 412 0.1
400 419 0.1
400 423 0.1
400 425 0.1
400 434 0.1
400 436 0.1
400 444 0.1
400 448 0.1
400 456 0.1
400 459 0.1
400 462 0.1
400 473 0.1
400 486 0.1
400 489 0.1
400 498 0.1
400 513 0.1
400 515 0.1
401 506 0.1
404 406 0.1
404 412 0.1
404 419 0.1
404 428 0.1
404 436 0.1
404 442 0.1
404 459 0.1
404 461 0.1
404 462 0.1
404 471 0.1
404 486 0.1
404 489 0.1
404 518 0.1
405 421 0.1
405 458 0.1
405 474 0.1
405 481 0.1
405 511 0.1
406 413 0.1
406 416 0.1
406 419 0.1
406 426 0.1
406 433 0.1
406 436 0.1
406 461 0.1
406 464 0.1
406 471 0.1
406 475 0.1
406 483 0.1
406 485 0.1
406 497 0.1
406 498 0.1
406 518 0.1
407 419 0.1
407 420 0.1
407 441 0.1
407 470 0.1
407 491 0.1
408 425 0.1
408 452 0.1
408 455 0.1
408 464 0.1
409 412 0.1
409 419 0.1
409 423 0.1
409 434 0.1
409 436 0.1
409 437 0.1
409 444 0.1
409 456 0.1
409 462 0.1
409 486 0.1
409 489 0.1
409 494 0.1
409 498 0.1
409 513 0.1
409 515 0.1
409 525 0.1
410 448 0.1
410 472 0.1
411 427 0.1
411 440 0.1
411 464 0.1
411 482 0.1
411 496 0.1
411 524 0.1
412 417 0.1
412 419 0.1
412 422 0.1
412 423 0.1
412 424 0.1
412 428 0.1
412 436 0.1
412 441 0.1
412 444 0.1
412 446 0.1
412 456 0.1
412 459 0.1
412 461 0.1
412 462 0.1
412 471 0.1
412 486 0.1
412 489 0.1
412 494 0.1
412 497 0.1
412 498 0.1
412 515 0.1
412 518 0.1
412 523 0.1
412 525 0.1
413 436 0.1
413 475 0.1
413 485 0.1
413 486 0.1
413 497 0.1
415 467 0.1
415 474 0.1
415 479 0.1
415 509 0.1
415 516 0.1
416 424 0.1
416 436 0.1
416 446 0.1
416 464 0.1
416 466 0.1
416 485 0.1
416 497 0.1
416 502 0.1
416 505 0.1
416 518 0.1
417 419 0.1
417 423 0.1
417 433 0.1
417 446 0.1
417 461 0.1
417 466 0.1
417 471 0.1
417 492 0.1
417 495 0.1
417 498 0.1
417 510 0.1
417 515 0.1
417 518 0.1
417 525 0.1
418 426 0.1
418 445 0.1
418 453 0.1
418 497 0.1
419 423 0.1
419 425 0.1
419 426 0.1
419 433 0.1
419 436 0.1
419 437 0.1
419 444 0.1
419 446 0.1
419 448 0.1
419 450 0.1
419 453 0.1
419 454 0.1
419 456 0.1
419 457 0.1
419 459 0.1
419 462 0.1
419 464 0.1
419 466 0.1
419 471 0.1
419 486 0.1
419 488 0.1
419 492 0.1
419 494 0.1
419 497 0.1
419 498 0.1
419 505 0.1
419 513 0.1
419 517 0.1
419 518 0.1
419 525 0.1
420 426 0.1
420 445 0.1
420 453 0.1
421 445 0.1
421 447 0.1
421 458 0.1
421 467 0.1
421 474 0.1
421 511 0.1
421 512 0.1
422 423 0.1
422 426 0.1
422 437 0.1
422 450 0.1
422 456 0.1
422 461 0.1
422 462 0.1
422 510 0.1
422 512 0.1
422 525 0.1
423 434 0.1
423 444 0.1
423 448 0.1
423 462 0.1
423 489 0.1
423 494 0.1
423 498 0.1
423 513 0.1
423 515 0.1
424 428 0.1
424 436 0.1
424 442 0.1
424 446 0.1
424 461 0.1
424 486 0.1
424 489 0.1
424 497 0.1
425 437 0.1
425 452 0.1
425 454 0.1
425 456 0.1
425 457 0.1
425 462 0.1
425 464 0.1
425 471 0.1
425 494 0.1
425 498 0.1
425 502 0.1
425 505 0.1
425 517 0.1
425 525 0.1
426 437 0.1
426 444 0.1
426 453 0.1
426 455 0.1
426 459 0.1
426 461 0.1
426 462 0.1
426 467 0.1
426 481 0.1
426 502 0.1
427 482 0.1
428 445 0.1
428 462 0.1
428 464 0.1
428 518 0.1
429 453 0.1
429 482 0.1
429 505 0.1
430 499 0.1
430 504 0.1
432 473 0.1
432 495 0.1
433 441 0.1
433 454 0.1
434 456 0.1
434 494 0.1
434 498 0.1
434 513 0.1
434 515 0.1
435 437 0.1
435 456 0.1
435 461 0.1
435 495 0.1
435 510 0.1
436 437 0.1
436 446 0.1
436 456 0.1
436 457 0.1
436 459 0.1
436 461 0.1
436 464 0.1
436 466 0.1
436 471 0.1
436 475 0.1
436 485 0.1
436 486 0.1
436 489 0.1
436 492 0.1
436 497 0.1
436 498 0.1
436 502 0.1
436 505 0.1
436 518 0.1
436 525 0.1
437 441 0.1
437 454 0.1
437 456 0.1
437 457 0.1
437 462 0.1
437 466 0.1
437 471 0.1
437 473 0.1
437 488 0.1
437 492 0.1
437 494 0.1
437 498 0.1
437 505 0.1
437 517 0.1
437 518 0.1
437 525 0.1
438 449 0.1
439 498 0.1
440 441 0.1
440 454 0.1
440 495 0.1
440 496 0.1
441 459 0.1
441 474 0.1
441 477 0.1
441 490 0.1
441 493 0.1
441 517 0.1
441 519 0.1
442 455 0.1
442 477 0.1
443 460 0.1
443 508 0.1
443 523 0.1
444 446 0.1
444 448 0.1
444 450 0.1
444 456 0.1
444 457 0.1
444 459 0.1
444 462 0.1
444 466 0.1
444 469 0.1
444 477 0.1
444 489 0.1
444 494 0.1
444 497 0.1
444 498 0.1
444 503 0.1
444 510 0.1
444 515 0.1
444 518 0.1
444 525 0.1
445 464 0.1
445 469 0.1
445 474 0.1
445 481 0.1
445 496 0.1
445 504 0.1
446 459 0.1
446 461 0.1
446 464 0.1
446 466 0.1
446 486 0.1
446 497 0.1
446 502 0.1
446 510 0.1
446 525 0.1
447 474 0.1
448 461 0.1
448 462 0.1
448 468 0.1
448 471 0.1
448 491 0.1
448 498 0.1
448 510 0.1
448 515 0.1
448 525 0.1
450 477 0.1
451 484 0.1
451 500 0.1
451 501 0.1
451 520 0.1
451 521 0.1
452 473 0.1
453 454 0.1
453 470 0.1
453 477 0.1
454 456 0.1
454 457 0.1
454 464 0.1
454 466 0.1
454 494 0.1
454 502 0.1
454 505 0.1
454 513 0.1
454 515 0.1
454 517 0.1
455 510 0.1
456 457 0.1
456 462 0.1
456 466 0.1
456 492 0.1
456 494 0.1
456 495 0.1
456 498 0.1
456 505 0.1
456 513 0.1
456 525 0.1
457 463 0.1
457 466 0.1
457 471 0.1
457 492 0.1
457 494 0.1
457 498 0.1
457 502 0.1
457 505 0.1
457 525 0.1
458 472 0.1
458 474 0.1
458 487 0.1
458 512 0.1
458 517 0.1
459 461 0.1
459 462 0.1
459 474 0.1
459 486 0.1
459 489 0.1
459 497 0.1
459 498 0.1
459 502 0.1
459 505 0.1
459 513 0.1
459 525 0.1
460 464 0.1
460 471 0.1
461 466 0.1
461 471 0.1
461 489 0.1
461 492 0.1
461 497 0.1
461 510 0.1
462 468 0.1
462 471 0.1
462 489 0.1
462 494 0.1
462 498 0.1
462 513 0.1
462 515 0.1
462 523 0.1
462 525 0.1
463 471 0.1
464 466 0.1
464 471 0.1
464 491 0.1
464 492 0.1
464 498 0.1
464 502 0.1
464 518 0.1
464 525 0.1
466 492 0.1
466 494 0.1
466 497 0.1
466 498 0.1
466 505 0.1
466 525 0.1
467 474 0.1
467 511 0.1
468 471 0.1
469 477 0.1
469 491 0.1
470 474 0.1
470 511 0.1
471 492 0.1
471 498 0.1
471 505 0.1
471 512 0.1
471 523 0.1
471 525 0.1
473 477 0.1
473 491 0.1
473 495 0.1
473 496 0.1
473 498 0.1
473 522 0.1
474 478 0.1
474 487 0.1
474 502 0.1
474 511 0.1
474 512 0.1
475 485 0.1
475 497 0.1
477 491 0.1
477 496 0.1
479 509 0.1
479 511 0.1
479 516 0.1
484 500 0.1
484 501 0.1
484 520 0.1
484 521 0.1
485 486 0.1
485 497 0.1
485 518 0.1
486 489 0.1
486 497 0.1
486 498 0.1
486 515 0.1
487 511 0.1
489 513 0.1
489 515 0.1
489 525 0.1
492 497 0.1
492 498 0.1
492 502 0.1
492 505 0.1
492 525 0.1
494 498 0.1
494 505 0.1
494 513 0.1
494 525 0.1
496 502 0.1
496 505 0.1
496 512 0.1
497 502 0.1
497 510 0.1
497 518 0.1
497 525 0.1
498 505 0.1
498 513 0.1
498 515 0.1
498 525 0.1
499 504 0.1
500 501 0.1
500 520 0.1
500 521 0.1
501 520 0.1
501 521 0.1
502 518 0.1
505 508 0.1
505 517 0.1
505 518 0.1
505 525 0.1
509 511 0.1
509 516 0.1
510 525 0.1
511 516 0.1
513 515 0.1
513 525 0.1
515 525 0.1
518 525 0.1
520 521 0.1
526 527 0.1
526 528 0.1
526 530 0.1
526 531 0.1
526 532 0.1
526 184 0.1
526 189 0.1
526 209 0.1
526 329 0.1
526 380 0.1
526 396 0.1
526 410 0.1
526 418 0.1
527 528 0.1
527 530 0.1
527 531 0.1
527 533 0.1
527 10 0.1
527 42 0.1
527 48 0.1
527 61 0.1
527 63 0.1
527 107 0.1
527 144 0.1
527 182 0.1
527 184 0.1
527 189 0.1
527 205 0.1
527 209 0.1
527 216 0.1
527 217 0.1
527 243 0.1
527 256 0.1
527 316 0.1
527 317 0.1
527 319 0.1
527 352 0.1
527 380 0.1
527 391 0.1
527 410 0.1
527 492 0.1
527 508 0.1
528 529 0.1
528 531 0.1
528 533 0.1
528 20 0.1
528 63 0.1
528 103 0.1
528 144 0.1
528 190 0.1
528 270 0.1
528 367 0.1
528 380 0.1
528 383 0.1
528 396 0.1
528 398 0.1
528 410 0.1
528 472 0.1
528 491 0.1
529 9 0.1
529 20 0.1
529 42 0.1
529 63 0.1
529 103 0.1
529 154 0.1
529 169 0.1
529 171 0.1
529 202 0.1
529 349 0.1
529 396 0.1
529 435 0.1
529 466 0.1
529 472 0.1
530 531 0.1
530 532 0.1
530 63 0.1
530 107 0.1
530 144 0.1
530 182 0.1
530 239 0.1
530 267 0.1
530 316 0.1
530 317 0.1
530 396 0.1
530 410 0.1
531 532 0.1
531 26 0.1
531 136 0.1
531 144 0.1
531 184 0.1
531 217 0.1
531 269 0.1
531 278 0.1
531 335 0.1
531 367 0.1
531 380 0.1
531 391 0.1
531 396 0.1
531 410 0.1
531 418 0.1
532 10 0.1
532 54 0.1
532 239 0.1
532 316 0.1
532 329 0.1
532 367 0.1
532 396 0.1
532 491 0.1
533 9 0.1
533 63 0.1
533 97 0.1
533 106 0.1
533 190 0.1
533 352 0.1
533 524 0.1
